time (s)	coil I (A)	last det (V)	int current (uC)
3152.290775	1.057178	0.515107	457.757965
3152.291669	1.516501	0.515107	1813.510254
3152.292794	1.502355	0.515107	3503.659180
3152.293751	1.462192	0.515107	4902.977539
3152.294620	1.426450	0.515107	6142.562988
3152.295643	1.386160	0.515107	7560.604492
3152.296688	0.578789	0.515107	8165.438965
3152.297588	0.088363	0.515107	8244.965820
3152.298549	0.085920	0.515107	8327.535156
3152.299602	0.086052	0.515107	8418.148437
3152.300539	0.085854	0.515107	8498.593750
3152.301398	0.085924	0.515107	8572.402344
3152.302478	0.086125	0.515107	8665.417969
3152.303462	0.085928	0.515107	8749.970703
3152.304355	0.085931	0.515107	8826.707031
3152.305322	0.085906	0.515107	8909.778320
3152.306358	0.085931	0.515107	8998.803711
3153.323979	1.037428	0.531296	450.243713
3153.324847	1.515773	0.531296	1765.934326
3153.325888	1.507533	0.531296	3335.276123
3153.326863	1.466393	0.531296	4765.009277
3153.327742	1.429962	0.531296	6021.946289
3153.328606	1.393425	0.531296	7225.865723
3153.329739	0.817815	0.531296	8152.450195
3153.330615	0.095365	0.531296	8235.990234
3153.331480	0.085752	0.531296	8310.166016
3153.332597	0.085869	0.531296	8406.082031
3153.333565	0.085748	0.531296	8489.085937
3153.334435	0.085719	0.531296	8563.661133
3153.335475	0.085924	0.531296	8653.022461
3153.336501	0.085822	0.531296	8741.075195
3153.337393	0.085800	0.531296	8817.608398
3153.338305	0.085818	0.531296	8895.874023
3153.339371	0.085906	0.531296	8987.449219
3154.347470	1.045232	0.560087	458.856812
3154.348342	1.516743	0.560087	1781.456909
3154.349208	1.512330	0.560087	3091.134766
3154.350211	1.471487	0.560087	4567.036133
3154.351148	1.433306	0.560087	5910.043457
3154.352031	1.397842	0.560087	7144.337891
3154.353081	0.988627	0.560087	8182.395996
3154.354000	0.108973	0.560087	8282.542969
3154.354887	0.085668	0.560087	8358.530273
3154.355835	0.085833	0.560087	8439.899414
3154.356818	0.085781	0.560087	8524.222656
3154.357738	0.085792	0.560087	8603.151367
3154.358599	0.085818	0.560087	8677.041016
3154.359673	0.085844	0.560087	8769.237305
3154.360547	0.085792	0.560087	8844.219727
3154.361418	0.085767	0.560087	8918.922852
3154.362303	0.085851	0.560087	8994.900391
3155.381178	1.041310	0.556776	441.515381
3155.382257	1.522822	0.556776	2084.640625
3155.383252	1.500590	0.556776	3577.727295
3155.384149	1.462892	0.556776	4889.941406
3155.385147	1.422788	0.556776	6309.883789
3155.386206	1.381121	0.556776	7772.490234
3155.387109	0.565946	0.556776	8283.539062
3155.387989	0.089136	0.556776	8361.978516
3155.389087	0.085840	0.556776	8456.230469
3155.390039	0.085708	0.556776	8537.824219
3155.390909	0.085858	0.556776	8612.520508
3155.391978	0.085913	0.556776	8704.361328
3155.393008	0.085734	0.556776	8792.666992
3155.393905	0.085847	0.556776	8869.671875
3155.394840	0.085946	0.556776	8950.031250
3155.395899	0.085807	0.556776	9040.900391
3155.396836	0.085836	0.556776	9121.329102
3156.404420	1.047880	0.566935	448.492523
3156.405519	1.522980	0.566935	2122.247314
3156.406506	1.500026	0.566935	3602.772461
3156.407398	1.462332	0.566935	4907.172363
3156.408402	1.421902	0.566935	6334.761719
3156.409463	1.380421	0.566935	7799.388672
3156.410350	0.562705	0.566935	8298.507812
3156.411230	0.089066	0.566935	8376.885742
3156.412304	0.085891	0.566935	8469.132812
3156.413255	0.085712	0.566935	8550.644531
3156.414112	0.085840	0.566935	8624.208984
3156.415149	0.085895	0.566935	8713.282227
3156.416190	0.085833	0.566935	8802.633789
3156.417083	0.085796	0.566935	8879.250000
3156.418008	0.085858	0.566935	8958.668945
3156.419083	0.085906	0.566935	9051.017578
3156.420029	0.085825	0.566935	9132.208008
3157.439265	1.108451	0.551607	565.309937
3157.440160	1.522328	0.551607	1927.793457
3157.441034	1.509815	0.551607	3247.371338
3157.442056	1.467279	0.551607	4746.930664
3157.443058	1.425959	0.551607	6175.742187
3157.443938	1.390463	0.551607	7399.349609
3157.444812	0.906650	0.551607	8191.762207
3157.445916	0.093018	0.551607	8294.453125
3157.446820	0.085734	0.551607	8371.956055
3157.447702	0.085792	0.551607	8447.625000
3157.448686	0.085880	0.551607	8532.130859
3157.449682	0.085811	0.551607	8617.598633
3157.450577	0.085814	0.551607	8694.402344
3157.451440	0.085895	0.551607	8768.529297
3157.452530	0.085880	0.551607	8862.138672
3157.453446	0.085774	0.551607	8940.708008
3157.454327	0.085811	0.551607	9016.306641
3158.460858	1.037824	0.555998	440.037201
3158.461954	1.522863	0.555998	2109.094482
3158.462950	1.500147	0.555998	3603.240234
3158.463834	1.462888	0.555998	4896.433594
3158.464857	1.421939	0.555998	6351.076660
3158.465915	1.380571	0.555998	7811.721191
3158.466809	0.546372	0.555998	8300.177734
3158.467696	0.088674	0.555998	8378.832031
3158.468802	0.085880	0.555998	8473.815430
3158.469753	0.085906	0.555998	8555.511719
3158.470623	0.085950	0.555998	8630.288086
3158.471634	0.085983	0.555998	8717.216797
3158.472662	0.085898	0.555998	8805.520508
3158.473547	0.085759	0.555998	8881.416992
3158.474473	0.085920	0.555998	8960.979492
3158.475537	0.086034	0.555998	9052.519531
3158.476479	0.085884	0.555998	9133.421875
3159.495688	1.092290	0.543119	547.237305
3159.496587	1.521888	0.543119	1915.414917
3159.497457	1.508423	0.543119	3227.742676
3159.498546	1.463921	0.543119	4821.952637
3159.499544	1.423074	0.543119	6242.180176
3159.500441	1.388126	0.543119	7487.329102
3159.501436	0.717755	0.543119	8201.495117
3159.502486	0.088535	0.543119	8294.457031
3159.503377	0.085807	0.543119	8370.911133
3159.504254	0.085840	0.543119	8446.192383
3159.505364	0.085876	0.543119	8541.515625
3159.506320	0.085778	0.543119	8623.518555
3159.507191	0.085748	0.543119	8698.205078
3159.508243	0.085917	0.543119	8788.589844
3159.509268	0.085829	0.543119	8876.564453
3159.510162	0.085840	0.543119	8953.305664
3159.511112	0.085953	0.543119	9034.960937
3160.519380	1.066355	0.547651	472.395264
3160.520267	1.518420	0.547651	1819.234253
3160.521139	1.510810	0.547651	3136.661133
3160.522241	1.466572	0.547651	4752.823730
3160.523159	1.428450	0.547651	6064.140625
3160.524044	1.393605	0.547651	7297.480957
3160.525044	0.885956	0.547651	8183.436523
3160.526044	0.093483	0.547651	8276.918945
3160.526935	0.085730	0.547651	8353.304687
3160.527795	0.085906	0.547651	8427.183594
3160.528893	0.085920	0.547651	8521.524414
3160.529790	0.085825	0.547651	8598.509766
3160.530659	0.085876	0.547651	8673.136719
3160.531665	0.085825	0.547651	8759.476562
3160.532662	0.085913	0.547651	8845.131836
3160.533549	0.085854	0.547651	8921.285156
3160.534404	0.085822	0.547651	8994.662109
3161.552389	1.100519	0.554467	537.053162
3161.553272	1.520530	0.554467	1879.680908
3161.554232	1.507456	0.554467	3326.838867
3161.555303	1.462764	0.554467	4893.458984
3161.556227	1.423905	0.554467	6209.147461
3161.557143	1.387767	0.554467	7480.342285
3161.558042	0.860153	0.554467	8253.619141
3161.559009	0.099730	0.554467	8350.058594
3161.559932	0.085763	0.554467	8429.217773
3161.560819	0.085789	0.554467	8505.312500
3161.561698	0.085876	0.554467	8580.797852
3161.562739	0.085840	0.554467	8670.157227
3161.563658	0.085851	0.554467	8749.053711
3161.564537	0.085840	0.554467	8824.506836
3161.565413	0.085858	0.554467	8899.718750
3161.566398	0.085796	0.554467	8984.227539
3161.567305	0.085803	0.554467	9062.050781
3162.577076	1.031591	0.560486	435.331238
3162.578153	1.522064	0.560486	2074.594482
3162.579161	1.500480	0.560486	3587.078125
3162.580044	1.463068	0.560486	4878.966797
3162.581050	1.422858	0.560486	6310.361328
3162.582104	1.381168	0.560486	7766.112793
3162.582997	0.579390	0.560486	8283.507812
3162.583860	0.089315	0.560486	8360.586914
3162.584963	0.085876	0.560486	8455.308594
3162.585932	0.085741	0.560486	8538.391602
3162.586797	0.085781	0.560486	8612.592773
3162.587840	0.085840	0.560486	8702.124023
3162.588895	0.085898	0.560486	8792.747070
3162.589782	0.085851	0.560486	8868.896484
3162.590697	0.085939	0.560486	8947.530273
3162.591767	0.085873	0.560486	9039.414062
3162.592728	0.085763	0.560486	9121.832031
3163.609538	1.039559	0.569682	450.129150
3163.610403	1.515179	0.569682	1760.759277
3163.611520	1.504255	0.569682	3441.012451
3163.612502	1.462965	0.569682	4877.644043
3163.613367	1.426999	0.569682	6111.998535
3163.614456	1.384515	0.569682	7619.735840
3163.615498	0.535569	0.569682	8177.798828
3163.616393	0.087620	0.569682	8256.218750
3163.617332	0.085898	0.569682	8336.876953
3163.618391	0.085869	0.569682	8427.812500
3163.619322	0.085785	0.569682	8507.678711
3163.620180	0.085763	0.569682	8581.263672
3163.621243	0.085869	0.569682	8672.542969
3163.622264	0.085844	0.569682	8760.189453
3163.623148	0.085796	0.569682	8836.033203
3163.624128	0.085935	0.569682	8920.250000
3163.625170	0.085898	0.569682	9009.755859
3164.634711	1.164404	0.573453	675.354492
3164.635676	1.525536	0.573453	2147.496582
3164.636604	1.501710	0.573453	3541.083496
3164.637487	1.462764	0.573453	4832.704102
3164.638589	1.419734	0.573453	6397.250977
3164.639501	1.383805	0.573453	7659.281250
3164.640374	0.727705	0.573453	8294.567383
3164.641406	0.089377	0.573453	8386.804687
3164.642374	0.085800	0.573453	8469.858398
3164.643255	0.085752	0.573453	8545.406250
3164.644114	0.085840	0.573453	8619.142578
3164.645221	0.085822	0.573453	8714.147461
3164.646107	0.085873	0.573453	8790.230469
3164.646986	0.085898	0.573453	8865.735352
3164.648003	0.085946	0.573453	8953.142578
3164.648994	0.085851	0.573453	9038.220703
3164.649888	0.085873	0.573453	9114.991211
3165.665998	1.055244	0.573948	466.417877
3165.666865	1.516344	0.573948	1781.088013
3165.667951	1.504937	0.573948	3415.449219
3165.668934	1.463533	0.573948	4854.101562
3165.669805	1.427974	0.573948	6097.866699
3165.670827	1.387972	0.573948	7516.374512
3165.671881	0.637269	0.573948	8188.056641
3165.672767	0.089506	0.573948	8267.358398
3165.673653	0.085833	0.573948	8343.406250
3165.674756	0.085994	0.573948	8438.256836
3165.675706	0.085833	0.573948	8519.797852
3165.676563	0.085920	0.573948	8593.431641
3165.677590	0.085942	0.573948	8681.694336
3165.678628	0.085811	0.573948	8770.765625
3165.679517	0.085854	0.573948	8847.089844
3165.680448	0.085917	0.573948	8927.078125
3165.681502	0.085968	0.573948	9017.688477
3166.693937	1.127754	0.565710	614.625854
3166.694999	1.524950	0.565710	2234.122559
3166.695908	1.499927	0.565710	3597.555908
3166.696779	1.461211	0.565710	4870.270508
3166.697872	1.418317	0.565710	6420.490723
3166.698858	1.380161	0.565710	7781.329590
3166.699724	0.597026	0.565710	8298.354492
3166.700794	0.087415	0.565710	8391.887695
3166.701824	0.085873	0.565710	8480.336914
3166.702706	0.085862	0.565710	8556.067383
3166.703610	0.085800	0.565710	8633.629883
3166.704675	0.085917	0.565710	8725.130859
3166.705622	0.085844	0.565710	8806.424805
3166.706478	0.085876	0.565710	8879.935547
3166.707486	0.085928	0.565710	8966.550781
3166.708543	0.085909	0.565710	9057.357422
3166.709419	0.085854	0.565710	9132.566406
3167.720988	1.117570	0.571543	575.548340
3167.721985	1.524884	0.571543	2095.857910
3167.722876	1.504453	0.571543	3436.325684
3167.723858	1.462917	0.571543	4872.910645
3167.724917	1.419924	0.571543	6376.610352
3167.725835	1.383519	0.571543	7646.681152
3167.726703	0.703572	0.571543	8257.381836
3167.727807	0.087817	0.571543	8354.332031
3167.728776	0.085851	0.571543	8437.521484
3167.729641	0.085708	0.571543	8511.659180
3167.730720	0.085796	0.571543	8604.233398
3167.731741	0.085895	0.571543	8691.931641
3167.732634	0.085822	0.571543	8768.570312
3167.733559	0.085917	0.571543	8848.042969
3167.734600	0.085942	0.571543	8937.508789
3167.735541	0.085803	0.571543	9018.250000
3167.736402	0.085847	0.571543	9092.164062
3168.751164	1.099691	0.561948	609.228882
3168.752120	1.524375	0.561948	2066.531494
3168.753051	1.503695	0.561948	3466.471680
3168.753913	1.466228	0.561948	4730.360352
3168.754947	1.424429	0.561948	6203.219727
3168.755850	1.388232	0.561948	7456.793457
3168.756738	0.890405	0.561948	8247.473633
3168.757668	0.103363	0.561948	8343.601562
3168.758655	0.085818	0.561948	8428.303711
3168.759575	0.085675	0.561948	8507.125000
3168.760452	0.085704	0.561948	8582.288086
3168.761507	0.085880	0.561948	8672.891602
3168.762403	0.085854	0.561948	8749.817383
3168.763325	0.085865	0.561948	8828.985352
3168.764188	0.085876	0.561948	8903.096680
3168.765233	0.085807	0.561948	8992.764648
3168.766114	0.085833	0.561948	9068.382812
3169.777185	1.119661	0.570991	574.385986
3169.778225	1.525001	0.570991	2160.387207
3169.779126	1.502340	0.570991	3513.995605
3169.780076	1.462690	0.570991	4903.551270
3169.781124	1.419551	0.570991	6391.240234
3169.782058	1.382747	0.570991	7682.725586
3169.782927	0.693387	0.570991	8285.279297
3169.784000	0.088158	0.570991	8379.873047
3169.785004	0.085858	0.570991	8466.074219
3169.785878	0.085811	0.570991	8541.072266
3169.786852	0.085873	0.570991	8624.711914
3169.787908	0.085884	0.570991	8715.405273
3169.788822	0.085887	0.570991	8793.906250
3169.789683	0.086008	0.570991	8867.958984
3169.790732	0.085957	0.570991	8958.127930
3169.791738	0.085829	0.570991	9044.471680
3169.792630	0.085759	0.570991	9120.968750
3170.810657	1.116028	0.564534	571.406250
3170.811662	1.524481	0.564534	2103.509766
3170.812552	1.504336	0.564534	3442.368652
3170.813562	1.462137	0.564534	4919.127441
3170.814617	1.419082	0.564534	6416.258789
3170.815508	1.383168	0.564534	7648.661133
3170.816386	0.681053	0.564534	8246.625977
3170.817486	0.087561	0.564534	8342.943359
3170.818457	0.085862	0.564534	8426.315430
3170.819323	0.085833	0.564534	8500.646484
3170.820373	0.085986	0.564534	8590.931641
3170.821412	0.085825	0.564534	8680.104492
3170.822302	0.085858	0.564534	8756.518555
3170.823225	0.085869	0.564534	8835.775391
3170.824292	0.085884	0.564534	8927.413086
3170.825240	0.085767	0.564534	9008.719727
3170.826107	0.085906	0.564534	9083.200195
3171.833018	1.027225	0.571648	436.570770
3171.834012	1.519380	0.571648	1946.834351
3171.834990	1.504743	0.571648	3418.472656
3171.835881	1.466990	0.571648	4725.560547
3171.836749	1.429504	0.571648	5966.370117
3171.837888	1.387200	0.571648	7546.390625
3171.838790	0.800204	0.571648	8268.174805
3171.839651	0.096617	0.571648	8351.362305
3171.840733	0.085880	0.571648	8444.284180
3171.841699	0.085895	0.571648	8527.258789
3171.842576	0.085796	0.571648	8602.501953
3171.843434	0.085895	0.571648	8676.199219
3171.844530	0.085972	0.571648	8770.423828
3171.845423	0.085792	0.571648	8847.036133
3171.846285	0.085880	0.571648	8921.064453
3171.847294	0.085983	0.571648	9007.821289
3171.848290	0.085803	0.571648	9093.281250
3172.867862	1.104847	0.561565	552.423706
3172.868751	1.521328	0.561565	1904.884399
3172.869634	1.509456	0.561565	3237.733643
3172.870562	1.470286	0.561565	4602.158691
3172.871566	1.428952	0.561565	6036.826172
3172.872498	1.392257	0.561565	7334.409668
3172.873374	1.029902	0.561565	8236.604492
3172.874399	0.110204	0.561565	8349.563477
3172.875296	0.085796	0.561565	8426.522461
3172.876219	0.085840	0.561565	8505.752930
3172.877076	0.085844	0.561565	8579.321289
3172.878106	0.085873	0.561565	8667.770508
3172.879009	0.085796	0.561565	8745.244141
3172.879886	0.085829	0.561565	8820.515625
3172.880876	0.085928	0.561565	8905.583984
3172.881812	0.085825	0.561565	8985.916016
3172.882736	0.085898	0.561565	9065.286133
3173.890828	1.097128	0.569396	551.855225
3173.891740	1.522072	0.569396	1939.984497
3173.892610	1.508221	0.569396	3252.137207
3173.893698	1.463042	0.569396	4843.926758
3173.894700	1.422015	0.569396	6268.786133
3173.895600	1.387024	0.569396	7517.107422
3173.896610	0.681625	0.569396	8205.548828
3173.897664	0.087843	0.569396	8298.135742
3173.898564	0.085825	0.569396	8375.378906
3173.899425	0.085833	0.569396	8449.280273
3173.900532	0.085902	0.569396	8544.374023
3173.901499	0.085785	0.569396	8627.328125
3173.902364	0.085931	0.569396	8701.659180
3173.903406	0.085924	0.569396	8791.192383
3173.904435	0.085887	0.569396	8879.570312
3173.905322	0.085854	0.569396	8955.723633
3173.906236	0.085909	0.569396	9034.245117
3174.923326	1.163104	0.559043	644.359741
3174.924380	1.525217	0.559043	2251.938721
3174.925275	1.500212	0.559043	3594.628906
3174.926221	1.460533	0.559043	4976.293457
3174.927286	1.416859	0.559043	6485.248047
3174.928240	1.379553	0.559043	7801.341797
3174.929112	0.580723	0.559043	8307.732422
3174.930174	0.087015	0.559043	8400.142578
3174.931174	0.085767	0.559043	8485.909180
3174.932056	0.085807	0.559043	8561.590820
3174.933028	0.085873	0.559043	8645.059570
3174.934057	0.085906	0.559043	8733.457031
3174.934973	0.085814	0.559043	8812.062500
3174.935831	0.085858	0.559043	8885.728516
3174.936900	0.086023	0.559043	8977.687500
3174.937897	0.085803	0.559043	9063.233398
3174.938770	0.085792	0.559043	9138.129883
3175.948984	1.025218	0.572164	429.566559
3175.950052	1.522112	0.572164	2055.181885
3175.951064	1.500560	0.572164	3573.749023
3175.951961	1.462368	0.572164	4885.493164
3175.952938	1.423326	0.572164	6276.083008
3175.953975	1.382230	0.572164	7709.455566
3175.954901	0.591244	0.572164	8256.947266
3175.955761	0.089623	0.572164	8334.022461
3175.956847	0.085994	0.572164	8427.411133
3175.957840	0.085781	0.572164	8512.591797
3175.958714	0.085822	0.572164	8587.599609
3175.959707	0.085968	0.572164	8672.965820
3175.960746	0.085854	0.572164	8762.168945
3175.961645	0.085752	0.572164	8839.259766
3175.962500	0.085800	0.572164	8912.618164
3175.963583	0.086008	0.572164	9005.765625
3175.964580	0.085891	0.572164	9091.399414
3176.979124	1.019601	0.560844	428.232361
3176.980008	1.513975	0.560844	1766.585937
3176.981071	1.505922	0.560844	3367.380615
3176.981965	1.468074	0.560844	4679.838379
3176.982849	1.431844	0.560844	5945.588867
3176.983851	1.392913	0.560844	7341.287109
3176.984795	0.923024	0.560844	8212.621094
3176.985721	0.102206	0.560844	8307.263672
3176.986582	0.085836	0.560844	8381.168945
3176.987625	0.085924	0.560844	8470.788086
3176.988499	0.085880	0.560844	8545.847656
3176.989368	0.085865	0.560844	8620.464844
3176.990326	0.086008	0.560844	8702.860352
3176.991269	0.085920	0.560844	8783.882812
3176.992186	0.085847	0.560844	8862.604492
3176.993071	0.085902	0.560844	8938.627930
3176.994085	0.085924	0.560844	9025.754883
3178.008003	1.037523	0.585018	448.209991
3178.008871	1.515531	0.585018	1763.690796
3178.009964	1.504563	0.585018	3408.178223
3178.010965	1.461984	0.585018	4871.624023
3178.011866	1.425681	0.585018	6156.162598
3178.012873	1.386266	0.585018	7552.132324
3178.013933	0.584128	0.585018	8171.308594
3178.014829	0.088147	0.585018	8250.288086
3178.015700	0.085869	0.585018	8325.080078
3178.016786	0.085946	0.585018	8418.417969
3178.017759	0.085876	0.585018	8501.975586
3178.018625	0.085851	0.585018	8576.322266
3178.019667	0.085844	0.585018	8665.771484
3178.020698	0.085964	0.585018	8754.400391
3178.021593	0.085887	0.585018	8831.269531
3178.022517	0.085873	0.585018	8910.616211
3178.023577	0.085957	0.585018	9001.730469
3179.032893	1.153645	0.590372	633.351074
3179.033945	1.524741	0.590372	2237.378906
3179.034823	1.501150	0.590372	3555.388672
3179.035766	1.461163	0.590372	4933.265625
3179.036844	1.417299	0.590372	6461.113281
3179.037785	1.380520	0.590372	7760.182617
3179.038662	0.609866	0.590372	8295.035156
3179.039697	0.087488	0.590372	8385.584961
3179.040715	0.085924	0.590372	8473.055664
3179.041612	0.085752	0.590372	8549.975586
3179.042571	0.085957	0.590372	8632.408203
3179.043627	0.085891	0.590372	8723.109375
3179.044555	0.085796	0.590372	8802.727539
3179.045417	0.085880	0.590372	8876.755859
3179.046485	0.085913	0.590372	8968.510742
3179.047482	0.085858	0.590372	9054.111328
3179.048371	0.085891	0.590372	9130.468750
3180.069151	1.092114	0.589312	573.359985
3180.070214	1.524269	0.589312	2193.657715
3180.071131	1.500469	0.589312	3569.587646
3180.071993	1.462581	0.589312	4830.332031
3180.073082	1.419598	0.589312	6376.274902
3180.074085	1.379967	0.589312	7760.381836
3180.074972	0.583022	0.589312	8277.522461
3180.075986	0.088740	0.589312	8367.504883
3180.077028	0.085836	0.589312	8456.946289
3180.077919	0.085851	0.589312	8533.439453
3180.078774	0.085917	0.589312	8606.898437
3180.079850	0.085939	0.589312	8699.368164
3180.080817	0.085847	0.589312	8782.382812
3180.081702	0.085851	0.589312	8858.360352
3180.082695	0.086034	0.589312	8943.791992
3180.083756	0.085865	0.589312	9034.895508
3180.084645	0.085869	0.589312	9111.233398
3181.087430	1.036154	0.604495	448.654480
3181.088307	1.516399	0.604495	1778.536377
3181.089193	1.511034	0.604495	3117.312500
3181.090313	1.466481	0.604495	4759.770996
3181.091213	1.428864	0.604495	6045.748047
3181.092084	1.394161	0.604495	7260.062500
3181.093129	0.865957	0.604495	8164.987793
3181.094101	0.093995	0.604495	8256.351562
3181.094985	0.085800	0.604495	8332.198242
3181.095842	0.085920	0.604495	8405.832031
3181.096948	0.085968	0.604495	8500.913086
3181.097836	0.085836	0.604495	8577.135742
3181.098698	0.085884	0.604495	8651.167969
3181.099778	0.085994	0.604495	8744.041016
3181.100740	0.085898	0.604495	8826.675781
3181.101610	0.085814	0.604495	8901.333984
3181.102468	0.085902	0.604495	8975.038086
3182.128061	1.029910	0.606843	438.741486
3182.129034	1.516234	0.606843	1914.037231
3182.130101	1.502018	0.606843	3516.690430
3182.131012	1.463027	0.606843	4849.508301
3182.131881	1.426121	0.606843	6088.807129
3182.132969	1.384475	0.606843	7595.116211
3182.133943	0.624185	0.606843	8203.072266
3182.134819	0.089974	0.606843	8281.889648
3182.135839	0.085964	0.606843	8369.573242
3182.136883	0.085814	0.606843	8459.163086
3182.137766	0.085924	0.606843	8535.034180
3182.138645	0.085895	0.606843	8610.536133
3182.139741	0.085928	0.606843	8704.712891
3182.140702	0.085778	0.606843	8787.145508
3182.141561	0.085822	0.606843	8860.866211
3182.142577	0.085873	0.606843	8948.113281
3182.143639	0.085898	0.606843	9039.337891
3183.143879	1.034495	0.597804	450.005157
3183.144754	1.516150	0.597804	1776.636230
3183.145769	1.507390	0.597804	3306.637207
3183.146812	1.463957	0.597804	4833.544922
3183.147713	1.426597	0.597804	6118.908203
3183.148597	1.390452	0.597804	7348.067383
3183.149686	0.730902	0.597804	8144.020020
3183.150638	0.090110	0.597804	8229.804687
3183.151500	0.085701	0.597804	8303.678711
3183.152532	0.085891	0.597804	8392.318359
3183.153557	0.085840	0.597804	8480.304687
3183.154431	0.085807	0.597804	8555.299805
3183.155371	0.085847	0.597804	8635.996094
3183.156430	0.085825	0.597804	8726.884766
3183.157367	0.085803	0.597804	8807.282227
3183.158224	0.085785	0.597804	8880.799805
3183.159268	0.085876	0.597804	8970.455078
3184.186642	1.103243	0.592736	562.654114
3184.187533	1.521720	0.592736	1918.506592
3184.188393	1.507983	0.592736	3215.372314
3184.189506	1.463269	0.592736	4843.990723
3184.190473	1.424044	0.592736	6221.041504
3184.191343	1.389313	0.592736	7429.743652
3184.192378	0.741273	0.592736	8196.960937
3184.193421	0.089037	0.592736	8289.826172
3184.194305	0.085756	0.592736	8365.633789
3184.195228	0.085829	0.592736	8444.853516
3184.196288	0.085869	0.592736	8535.875000
3184.197234	0.085800	0.592736	8617.041016
3184.198091	0.085770	0.592736	8690.545898
3184.199123	0.085913	0.592736	8779.208008
3184.200152	0.085840	0.592736	8867.537109
3184.201046	0.085869	0.592736	8944.303711
3184.201993	0.085928	0.592736	9025.677734
3185.201098	1.045704	0.577304	455.927094
3185.201972	1.516080	0.577304	1780.981323
3185.202995	1.507851	0.577304	3323.513428
3185.203924	1.467667	0.577304	4686.976562
3185.204854	1.429900	0.577304	6016.783203
3185.205721	1.394143	0.577304	7225.505371
3185.206754	0.914740	0.577304	8170.431641
3185.207650	0.103660	0.577304	8263.310547
3185.208526	0.085730	0.577304	8338.410156
3185.209496	0.085811	0.577304	8421.646484
3185.210440	0.085803	0.577304	8502.644531
3185.211369	0.085752	0.577304	8582.307617
3185.212232	0.085767	0.577304	8656.324219
3185.213257	0.085818	0.577304	8744.287109
3185.214151	0.085763	0.577304	8820.958984
3185.215026	0.085818	0.577304	8896.049805
3185.215885	0.085800	0.577304	8969.751953
3186.242121	1.158095	0.563362	656.639587
3186.243164	1.524997	0.563362	2247.211914
3186.244067	1.499711	0.563362	3601.450684
3186.244982	1.460680	0.563362	4937.972656
3186.246050	1.417665	0.563362	6452.038574
3186.247000	1.380483	0.563362	7763.498047
3186.247872	0.619047	0.563362	8303.306641
3186.248945	0.087521	0.563362	8397.216797
3186.249960	0.085862	0.563362	8484.366211
3186.250844	0.085686	0.563362	8560.112305
3186.251806	0.085829	0.563362	8642.679687
3186.252862	0.085851	0.563362	8733.337891
3186.253782	0.085701	0.563362	8812.182617
3186.254639	0.085763	0.563362	8885.681641
3186.255687	0.085844	0.563362	8975.645508
3186.256693	0.085836	0.563362	9061.997070
3186.257579	0.085800	0.563362	9138.015625
3187.258704	1.161127	0.571600	663.003296
3187.259751	1.524782	0.571600	2259.449707
3187.260639	1.499974	0.571600	3591.427002
3187.261550	1.460958	0.571600	4922.359863
3187.262615	1.418331	0.571600	6432.882812
3187.263571	1.380926	0.571600	7753.048828
3187.264437	0.637258	0.571600	8304.914062
3187.265466	0.087839	0.571600	8395.300781
3187.266503	0.085814	0.571600	8484.290039
3187.267390	0.085829	0.571600	8560.419922
3187.268345	0.085906	0.571600	8642.459961
3187.269409	0.085763	0.571600	8733.711914
3187.270337	0.085778	0.571600	8813.313477
3187.271202	0.085715	0.571600	8887.457031
3187.272278	0.085822	0.571600	8979.800781
3187.273282	0.085734	0.571600	9065.876953
3187.274178	0.085774	0.571600	9142.730469
3188.295949	1.100511	0.569138	554.657776
3188.296885	1.522808	0.569138	1980.005615
3188.297745	1.507921	0.569138	3276.817871
3188.298803	1.463569	0.569138	4825.274414
3188.299817	1.422499	0.569138	6267.688477
3188.300710	1.387251	0.569138	7506.503906
3188.301691	0.739259	0.569138	8231.716797
3188.302735	0.089011	0.569138	8324.644531
3188.303647	0.085745	0.569138	8402.843750
3188.304505	0.085833	0.569138	8476.488281
3188.305583	0.085869	0.569138	8569.055664
3188.306582	0.085778	0.569138	8654.747070
3188.307461	0.085880	0.569138	8730.235352
3188.308459	0.085920	0.569138	8815.984375
3188.309507	0.085884	0.569138	8905.990234
3188.310402	0.085840	0.569138	8982.816406
3188.311262	0.085792	0.569138	9056.597656
3189.316559	1.060606	0.575576	465.605835
3189.317447	1.517886	0.575576	1813.488281
3189.318324	1.511935	0.575576	3139.455078
3189.319371	1.469011	0.575576	4677.509766
3189.320289	1.430105	0.575576	5990.346191
3189.321225	1.393235	0.575576	7294.414062
3189.322096	1.012141	0.575576	8175.988770
3189.323149	0.101843	0.575576	8283.229492
3189.324020	0.085737	0.575576	8357.906250
3189.324897	0.085803	0.575576	8433.155273
3189.325876	0.085895	0.575576	8517.246094
3189.326806	0.085730	0.575576	8596.974609
3189.327730	0.085822	0.575576	8676.273437
3189.328592	0.085902	0.575576	8750.321289
3189.329622	0.085814	0.575576	8838.709961
3189.330514	0.085814	0.575576	8915.255859
3189.331393	0.085851	0.575576	8990.718750
3190.352407	1.108282	0.571926	565.224060
3190.353338	1.523115	0.571926	1983.244385
3190.354202	1.507625	0.571926	3285.832031
3190.355270	1.463262	0.571926	4848.595703
3190.356288	1.421719	0.571926	6295.905273
3190.357174	1.386467	0.571926	7524.315430
3190.358162	0.706491	0.571926	8222.328125
3190.359207	0.088477	0.571926	8314.786133
3190.360119	0.085869	0.571926	8393.098633
3190.360980	0.085854	0.571926	8467.019531
3190.362062	0.085935	0.571926	8560.000977
3190.363058	0.085803	0.571926	8645.460937
3190.363929	0.085800	0.571926	8720.192383
3190.364926	0.085891	0.571926	8805.826172
3190.365994	0.085898	0.571926	8897.565430
3190.366874	0.085891	0.571926	8973.149414
3190.367744	0.085778	0.571926	9047.776367
3191.375907	1.117262	0.577493	579.859009
3191.376804	1.522211	0.577493	1945.281982
3191.377668	1.507093	0.577493	3247.410645
3191.378766	1.462862	0.577493	4853.633789
3191.379734	1.423627	0.577493	6231.704102
3191.380593	1.389060	0.577493	7424.906738
3191.381668	0.667233	0.577493	8142.181641
3191.382717	0.087759	0.577493	8234.240234
3191.383590	0.085847	0.577493	8309.184570
3191.384517	0.085884	0.577493	8388.798828
3191.385579	0.085844	0.577493	8479.964844
3191.386528	0.085818	0.577493	8561.406250
3191.387392	0.085880	0.577493	8635.606445
3191.388444	0.085909	0.577493	8725.983398
3191.389464	0.085818	0.577493	8813.517578
3191.390350	0.085865	0.577493	8889.594727
3191.391306	0.085858	0.577493	8971.674805
3192.407487	1.035004	0.585171	440.911560
3192.408354	1.514974	0.585171	1754.394287
3192.409420	1.505691	0.585171	3359.460937
3192.410324	1.467554	0.585171	4686.129395
3192.411201	1.431661	0.585171	5941.696289
3192.412193	1.392898	0.585171	7323.451172
3192.413149	0.933724	0.585171	8216.091797
3192.414070	0.102437	0.585171	8310.435547
3192.414932	0.085789	0.585171	8384.385742
3192.415987	0.085935	0.585171	8475.046875
3192.416866	0.085822	0.585171	8550.484375
3192.417740	0.085895	0.585171	8625.556641
3192.418707	0.085935	0.585171	8708.656250
3192.419672	0.085913	0.585171	8791.562500
3192.420540	0.085898	0.585171	8866.122070
3192.421406	0.085920	0.585171	8940.529297
3192.422521	0.085869	0.585171	9036.273437
3193.434034	1.033389	0.583294	432.989868
3193.435128	1.522317	0.583294	2098.404541
3193.436129	1.499161	0.583294	3599.064941
3193.437032	1.461075	0.583294	4918.416016
3193.438047	1.420093	0.583294	6359.810059
3193.439116	1.378528	0.583294	7833.456055
3193.440016	0.494864	0.583294	8278.833984
3193.440927	0.088118	0.583294	8359.109375
3193.441998	0.085906	0.583294	8451.114258
3193.442960	0.085723	0.583294	8533.579102
3193.443825	0.085898	0.583294	8607.880859
3193.444867	0.085924	0.583294	8697.414062
3193.445896	0.085814	0.583294	8785.716797
3193.446786	0.085811	0.583294	8862.087891
3193.447736	0.085902	0.583294	8943.695312
3193.448783	0.085862	0.583294	9033.592773
3193.449711	0.085807	0.583294	9113.221680
3194.463925	1.035546	0.583890	434.929138
3194.465016	1.522595	0.583890	2096.080566
3194.466017	1.499191	0.583890	3596.770508
3194.466916	1.461529	0.583890	4910.685547
3194.467897	1.421664	0.583890	6305.337891
3194.468964	1.380315	0.583890	7778.133789
3194.469868	0.550605	0.583890	8275.880859
3194.470752	0.088824	0.583890	8354.401367
3194.471850	0.085909	0.583890	8448.729492
3194.472820	0.085829	0.583890	8531.983398
3194.473684	0.085800	0.583890	8606.114258
3194.474715	0.085931	0.583890	8694.709961
3194.475733	0.085792	0.583890	8782.046875
3194.476617	0.085825	0.583890	8857.916016
3194.477545	0.085942	0.583890	8937.670898
3194.478593	0.085917	0.583890	9027.711914
3194.479529	0.085873	0.583890	9108.088867
3195.491847	1.095256	0.578053	545.437622
3195.492783	1.522449	0.578053	1970.449585
3195.493649	1.507804	0.578053	3276.207764
3195.494704	1.463573	0.578053	4820.277344
3195.495725	1.421942	0.578053	6272.080078
3195.496628	1.386339	0.578053	7523.944336
3195.497611	0.714701	0.578053	8226.495117
3195.498661	0.088341	0.578053	8319.252930
3195.499589	0.085759	0.578053	8398.837891
3195.500451	0.085909	0.578053	8472.891602
3195.501526	0.086005	0.578053	8565.346680
3195.502517	0.085796	0.578053	8650.370117
3195.503402	0.085917	0.578053	8726.406250
3195.504396	0.086019	0.578053	8811.909180
3195.505434	0.085950	0.578053	8901.125000
3195.506339	0.085833	0.578053	8978.803711
3195.507199	0.085902	0.578053	9052.679687
3196.520884	1.037812	0.562198	435.881226
3196.521994	1.522917	0.562198	2126.319580
3196.522896	1.503160	0.562198	3482.170410
3196.523769	1.466060	0.562198	4762.040527
3196.524758	1.425447	0.562198	6171.807617
3196.525766	1.385270	0.562198	7568.159668
3196.526677	0.768556	0.562198	8268.314453
3196.527537	0.095046	0.562198	8350.054687
3196.528623	0.085887	0.562198	8443.328125
3196.529539	0.085818	0.562198	8521.937500
3196.530418	0.086019	0.562198	8597.548828
3196.531401	0.085975	0.562198	8682.062500
3196.532406	0.085818	0.562198	8768.309570
3196.533297	0.085950	0.562198	8844.890625
3196.534156	0.085942	0.562198	8918.714844
3196.535235	0.085917	0.562198	9011.418945
3196.536144	0.085865	0.562198	9089.470703
3197.549014	1.069684	0.564961	474.939606
3197.549904	1.518021	0.564961	1825.978516
3197.550923	1.506174	0.564961	3360.770020
3197.551977	1.462408	0.564961	4902.148437
3197.552872	1.424927	0.564961	6177.458008
3197.553738	1.389185	0.564961	7380.491699
3197.554854	0.674930	0.564961	8133.713867
3197.555811	0.088788	0.564961	8218.683594
3197.556672	0.085869	0.564961	8292.617187
3197.557721	0.086082	0.564961	8382.916992
3197.558765	0.086034	0.564961	8472.736328
3197.559639	0.085953	0.564961	8547.859375
3197.560550	0.086027	0.564961	8626.229492
3197.561607	0.085968	0.564961	8717.097656
3197.562550	0.085946	0.564961	8798.144531
3197.563454	0.085884	0.564961	8875.783203
3197.564344	0.085825	0.564961	8952.167969
3198.577157	1.072738	0.547228	533.150818
3198.578225	1.523635	0.547228	2160.393311
3198.579165	1.499996	0.547228	3570.389893
3198.580035	1.462573	0.547228	4842.828613
3198.581102	1.419229	0.547228	6357.145508
3198.582127	1.379198	0.547228	7770.823242
3198.583034	0.534646	0.547228	8255.747070
3198.584004	0.088385	0.547228	8341.480469
3198.585053	0.086052	0.547228	8431.749023
3198.585977	0.085961	0.547228	8511.176758
3198.586839	0.086012	0.547228	8585.319336
3198.587913	0.086030	0.547228	8677.715820
3198.588898	0.085902	0.547228	8762.329102
3198.589794	0.085847	0.547228	8839.248047
3198.590795	0.085924	0.547228	8925.257812
3198.591839	0.085964	0.547228	9015.004883
3198.592731	0.085840	0.547228	9091.574219
3199.605465	1.067146	0.557444	482.349976
3199.606348	1.517776	0.557444	1822.546021
3199.607361	1.506680	0.557444	3348.812500
3199.608414	1.462650	0.557444	4888.983398
3199.609307	1.425538	0.557444	6161.989258
3199.610169	1.389624	0.557444	7359.845215
3199.611266	0.721970	0.557444	8151.846680
3199.612234	0.089286	0.557444	8238.275391
3199.613100	0.085814	0.557444	8312.590820
3199.614163	0.085957	0.557444	8403.962891
3199.615200	0.085909	0.557444	8493.050781
3199.616093	0.085887	0.557444	8569.748047
3199.617018	0.085939	0.557444	8649.241211
3199.618087	0.085939	0.557444	8741.109375
3199.619029	0.085770	0.557444	8821.905273
3199.619896	0.085785	0.557444	8896.281250
3199.620938	0.085953	0.557444	8985.844727
3200.633528	1.026119	0.538523	430.970184
3200.634588	1.521434	0.538523	2043.690552
3200.635559	1.502355	0.538523	3502.477051
3200.636442	1.464738	0.538523	4795.840332
3200.637369	1.426868	0.538523	6118.546875
3200.638426	1.385717	0.538523	7583.249023
3200.639314	0.789199	0.538523	8284.057617
3200.640173	0.096416	0.538523	8366.878906
3200.641221	0.085953	0.538523	8456.958008
3200.642168	0.085800	0.538523	8538.209961
3200.643033	0.085865	0.538523	8612.483398
3200.643898	0.085909	0.538523	8686.794922
3200.645009	0.085884	0.538523	8782.211914
3200.645911	0.085836	0.538523	8859.635742
3200.646774	0.085862	0.538523	8933.734375
3200.647796	0.085961	0.538523	9021.585937
3200.648765	0.085789	0.538523	9104.714844
3201.662663	1.040969	0.549686	450.739685
3201.663538	1.516351	0.549686	1777.547119
3201.664498	1.509675	0.549686	3226.835449
3201.665470	1.468876	0.549686	4654.582520
3201.666401	1.430761	0.549686	5986.620605
3201.667270	1.395926	0.549686	7199.680664
3201.668330	0.925950	0.549686	8181.187500
3201.669224	0.105945	0.549686	8275.902344
3201.670100	0.085781	0.549686	8351.046875
3201.671013	0.085862	0.549686	8429.438477
3201.672020	0.085851	0.549686	8515.890625
3201.672909	0.085887	0.549686	8592.244141
3201.673795	0.085862	0.549686	8668.317383
3201.674788	0.085884	0.549686	8753.599609
3201.675704	0.085906	0.549686	8832.289062
3201.676628	0.085902	0.549686	8911.663086
3201.677493	0.085873	0.549686	8985.943359
3202.690839	1.106071	0.541766	557.459534
3202.691843	1.524181	0.541766	2087.737061
3202.692728	1.504662	0.541766	3419.362793
3202.693739	1.462247	0.541766	4897.694824
3202.694794	1.419327	0.541766	6395.084961
3202.695687	1.383684	0.541766	7630.714844
3202.696552	0.713405	0.541766	8247.809570
3202.697661	0.087883	0.541766	8345.272461
3202.698625	0.085873	0.541766	8428.053711
3202.699489	0.085836	0.541766	8502.215820
3202.700513	0.086019	0.541766	8590.299805
3202.701552	0.085975	0.541766	8679.627930
3202.702450	0.085822	0.541766	8756.695312
3202.703358	0.085887	0.541766	8834.680664
3202.704441	0.085968	0.541766	8927.784180
3202.705387	0.085906	0.541766	9009.050781
3202.706254	0.085917	0.541766	9083.541016
3203.718608	1.042438	0.556489	458.672638
3203.719471	1.515710	0.556489	1766.730713
3203.720520	1.506346	0.556489	3346.888184
3203.721553	1.462947	0.556489	4858.112305
3203.722433	1.426395	0.556489	6113.340332
3203.723410	1.388280	0.556489	7469.689941
3203.724466	0.647684	0.556489	8153.644531
3203.725401	0.088740	0.556489	8236.616211
3203.726269	0.085811	0.556489	8311.099609
3203.727335	0.085972	0.556489	8402.745117
3203.728337	0.085946	0.556489	8488.863281
3203.729229	0.085854	0.556489	8565.445312
3203.730209	0.086008	0.556489	8649.733398
3203.731269	0.085946	0.556489	8740.835937
3203.732182	0.085953	0.556489	8819.311523
3203.733044	0.085884	0.556489	8893.343750
3203.734143	0.085990	0.556489	8987.846680
3204.748243	1.064194	0.545037	476.759064
3204.749126	1.517673	0.545037	1816.864502
3204.750114	1.507577	0.545037	3306.350586
3204.751176	1.462936	0.545037	4859.988281
3204.752082	1.425648	0.545037	6151.625488
3204.752948	1.389994	0.545037	7355.360352
3204.754057	0.702557	0.545037	8134.496582
3204.755022	0.088795	0.545037	8220.183594
3204.755906	0.085811	0.545037	8296.040039
3204.756902	0.085942	0.545037	8381.638672
3204.757962	0.085869	0.545037	8472.660156
3204.758851	0.085873	0.545037	8549.000977
3204.759716	0.085858	0.545037	8623.268555
3204.760807	0.085917	0.545037	8717.003906
3204.761768	0.085829	0.545037	8799.485352
3204.762632	0.085854	0.545037	8873.664062
3204.763666	0.085953	0.545037	8962.540039
3205.775047	1.031763	0.564957	446.753265
3205.775916	1.515619	0.564957	1763.826172
3205.776847	1.510239	0.564957	3169.858887
3205.777907	1.466415	0.564957	4724.258789
3205.778806	1.429442	0.564957	6009.327148
3205.779674	1.394722	0.564957	7219.945801
3205.780716	0.895895	0.564957	8153.468262
3205.781680	0.096394	0.564957	8246.392578
3205.782558	0.085734	0.564957	8321.666992
3205.783463	0.085807	0.564957	8399.322266
3205.784534	0.085928	0.564957	8491.350586
3205.785412	0.085741	0.564957	8566.630859
3205.786271	0.085745	0.564957	8640.285156
3205.787305	0.085836	0.564957	8729.040039
3205.788270	0.085829	0.564957	8811.865234
3205.789142	0.085822	0.564957	8886.701172
3205.789997	0.085865	0.564957	8960.116211
3206.805959	1.036439	0.549291	446.705292
3206.806828	1.515890	0.549291	1764.013672
3206.807798	1.509979	0.549291	3228.693604
3206.808701	1.471106	0.549291	4557.102539
3206.809617	1.433657	0.549291	5870.332520
3206.810498	1.398267	0.549291	7102.205078
3206.811460	1.093901	0.549291	8154.538086
3206.812418	0.125076	0.549291	8274.360352
3206.813314	0.085781	0.549291	8351.220703
3206.814309	0.085964	0.549291	8436.754883
3206.815210	0.085833	0.549291	8514.089844
3206.816130	0.085829	0.549291	8593.052734
3206.816991	0.085873	0.549291	8666.989258
3206.818042	0.085862	0.549291	8757.230469
3206.818919	0.085854	0.549291	8832.524414
3206.819794	0.085946	0.549291	8907.727539
3206.820764	0.085961	0.549291	8991.109375
3207.830077	1.151697	0.569871	624.219666
3207.831101	1.524514	0.569871	2185.322266
3207.831997	1.501249	0.569871	3530.441162
3207.832947	1.461658	0.569871	4919.016113
3207.833993	1.418818	0.569871	6403.100098
3207.834929	1.381952	0.569871	7696.606934
3207.835799	0.678966	0.569871	8287.307617
3207.836879	0.088114	0.569871	8382.470703
3207.837901	0.085931	0.569871	8470.292969
3207.838774	0.085880	0.569871	8545.266602
3207.839758	0.086030	0.569871	8629.919922
3207.840800	0.085862	0.569871	8719.387695
3207.841698	0.085792	0.569871	8796.428711
3207.842562	0.085884	0.569871	8870.631836
3207.843627	0.085983	0.569871	8962.203125
3207.844621	0.085829	0.569871	9047.516602
3207.845516	0.085854	0.569871	9124.356445
3208.864009	1.100105	0.540388	553.352783
3208.864925	1.522112	0.540388	1947.607178
3208.865792	1.507808	0.540388	3254.876465
3208.866889	1.462800	0.540388	4859.568359
3208.867881	1.421920	0.540388	6270.113281
3208.868774	1.387068	0.540388	7508.764648
3208.869777	0.707904	0.540388	8218.791992
3208.870819	0.088528	0.540388	8311.038086
3208.871713	0.085781	0.540388	8387.726562
3208.872571	0.085946	0.540388	8461.468750
3208.873654	0.085972	0.540388	8554.576172
3208.874624	0.085920	0.540388	8637.918945
3208.875482	0.085920	0.540388	8711.638672
3208.876588	0.086074	0.540388	8806.836914
3208.877625	0.085953	0.540388	8895.970703
3208.878493	0.085920	0.540388	8970.549805
3208.879423	0.086052	0.540388	9050.578125
3209.885388	1.050300	0.571865	462.132111
3209.886252	1.515560	0.571865	1771.576172
3209.887359	1.504325	0.571865	3436.863770
3209.888257	1.465624	0.571865	4752.994141
3209.889130	1.429970	0.571865	6001.357422
3209.890147	1.389789	0.571865	7414.772461
3209.891156	0.763627	0.571865	8185.271973
3209.892050	0.093274	0.571865	8268.659180
3209.892912	0.085745	0.571865	8342.571289
3209.894012	0.085880	0.571865	8437.039062
3209.894921	0.085873	0.571865	8515.097656
3209.895782	0.085968	0.571865	8589.116211
3209.896880	0.085983	0.571865	8683.525391
3209.897852	0.085898	0.571865	8767.018555
3209.898725	0.085939	0.571865	8842.042969
3209.899579	0.085807	0.571865	8915.322266
3209.900684	0.085957	0.571865	9010.304687
3210.921692	1.042280	0.536191	477.364380
3210.922590	1.519446	0.536191	1841.826660
3210.923533	1.508368	0.536191	3264.217529
3210.924528	1.466711	0.536191	4723.595215
3210.925467	1.428636	0.536191	6065.084961
3210.926338	1.393623	0.536191	7278.930664
3210.927372	0.879917	0.536191	8188.764648
3210.928252	0.102037	0.536191	8278.557617
3210.929119	0.085840	0.536191	8352.980469
3210.930005	0.085924	0.536191	8429.109375
3210.931054	0.085983	0.536191	8519.305664
3210.931948	0.085935	0.536191	8596.131836
3210.932823	0.085887	0.536191	8671.283203
3210.933808	0.085906	0.536191	8755.900391
3210.934754	0.085869	0.536191	8837.132812
3210.935679	0.085920	0.536191	8916.609375
3210.936543	0.085968	0.536191	8990.885742
3211.939860	1.105184	0.588216	553.697327
3211.940884	1.524141	0.588216	2114.417236
3211.941762	1.503779	0.588216	3434.735352
3211.942762	1.461533	0.588216	4896.268555
3211.943819	1.418763	0.588216	6395.901367
3211.944721	1.382904	0.588216	7643.280762
3211.945595	0.694098	0.588216	8249.921875
3211.946699	0.087737	0.588216	8346.783203
3211.947663	0.085895	0.588216	8429.585937
3211.948528	0.085770	0.588216	8503.777344
3211.949590	0.085961	0.588216	8595.067383
3211.950625	0.085873	0.588216	8683.945312
3211.951517	0.085876	0.588216	8760.546875
3211.952437	0.085895	0.588216	8839.570312
3211.953504	0.085902	0.588216	8931.227539
3211.954457	0.085734	0.588216	9012.931641
3211.955319	0.085792	0.588216	9086.884766
3212.980702	1.067878	0.538640	488.020477
3212.981580	1.517743	0.538640	1820.598755
3212.982549	1.507819	0.538640	3281.674805
3212.983608	1.463624	0.538640	4831.652832
3212.984528	1.425791	0.538640	6143.380859
3212.985398	1.390155	0.538640	7352.815430
3212.986486	0.726244	0.538640	8142.968750
3212.987479	0.088784	0.538640	8231.131836
3212.988373	0.085708	0.538640	8307.754883
3212.989358	0.085920	0.538640	8392.386719
3212.990405	0.085865	0.538640	8482.288086
3212.991308	0.085785	0.538640	8559.751953
3212.992166	0.085961	0.538640	8633.505859
3212.993255	0.085961	0.538640	8727.117187
3212.994224	0.085829	0.538640	8810.285156
3212.995084	0.085781	0.538640	8884.056641
3212.996164	0.085898	0.538640	8976.827148
3213.996583	1.123074	0.588446	585.121399
3213.997541	1.523525	0.588446	2044.658691
3213.998405	1.505804	0.588446	3345.673828
3213.999437	1.462170	0.588446	4854.633789
3214.000467	1.420408	0.588446	6317.653809
3214.001361	1.385094	0.588446	7555.927734
3214.002323	0.718762	0.588446	8247.376953
3214.003372	0.088092	0.588446	8339.785156
3214.004306	0.085869	0.588446	8419.987305
3214.005169	0.085898	0.588446	8494.117187
3214.006224	0.086001	0.588446	8584.848633
3214.007234	0.085854	0.588446	8671.561523
3214.008130	0.085851	0.588446	8748.483398
3214.009089	0.085906	0.588446	8830.867187
3214.010144	0.085880	0.588446	8921.470703
3214.011068	0.085851	0.588446	9000.796875
3214.011928	0.085844	0.588446	9074.622070
3215.039427	1.047177	0.550495	450.285950
3215.040486	1.522994	0.550495	2063.136963
3215.041382	1.504764	0.550495	3411.405762
3215.042251	1.467718	0.550495	4686.853027
3215.043235	1.428029	0.550495	6092.033203
3215.044183	1.389745	0.550495	7409.511230
3215.045102	0.914454	0.550495	8249.894531
3215.045981	0.103868	0.550495	8341.195312
3215.047020	0.085811	0.550495	8430.352539
3215.047919	0.085814	0.550495	8507.500000
3215.048797	0.085851	0.550495	8582.876953
3215.049728	0.085906	0.550495	8662.855469
3215.050743	0.085880	0.550495	8750.023437
3215.051670	0.085770	0.550495	8829.532227
3215.052531	0.085854	0.550495	8903.453125
3215.053596	0.085902	0.550495	8994.938477
3215.054475	0.085851	0.550495	9070.401367
3216.054461	1.031393	0.587870	438.341949
3216.055416	1.514663	0.587870	1884.845215
3216.056482	1.502175	0.587870	3486.164062
3216.057424	1.462159	0.587870	4863.518066
3216.058287	1.426487	0.587870	6094.576172
3216.059350	1.385116	0.587870	7566.954590
3216.060374	0.596763	0.587870	8178.039551
3216.061259	0.089205	0.587870	8256.986328
3216.062253	0.085946	0.587870	8342.416992
3216.063292	0.085887	0.587870	8431.654297
3216.064207	0.085851	0.587870	8510.208008
3216.065064	0.085939	0.587870	8583.857422
3216.066132	0.085935	0.587870	8675.635742
3216.067126	0.085796	0.587870	8760.916992
3216.067997	0.085814	0.587870	8835.661133
3216.068977	0.085986	0.587870	8919.927734
3216.070015	0.086005	0.587870	9009.200195
3217.095462	1.100834	0.566609	584.542725
3217.096529	1.524419	0.566609	2211.097656
3217.097452	1.499191	0.566609	3594.850586
3217.098320	1.461035	0.566609	4863.029297
3217.099405	1.418240	0.566609	6401.819336
3217.100398	1.379202	0.566609	7771.366699
3217.101300	0.546365	0.566609	8264.187500
3217.102305	0.088264	0.566609	8352.892578
3217.103338	0.085935	0.566609	8441.663086
3217.104235	0.085928	0.566609	8518.740234
3217.105092	0.085986	0.566609	8592.430664
3217.106181	0.085994	0.566609	8686.078125
3217.107144	0.085851	0.566609	8768.752930
3217.108002	0.085895	0.566609	8842.450195
3217.109090	0.085968	0.566609	8935.983398
3217.110130	0.085858	0.566609	9025.275391
3217.111001	0.085865	0.566609	9100.064453
3218.111927	1.031781	0.577791	431.284454
3218.113006	1.521742	0.577791	2073.243896
3218.113945	1.502813	0.577791	3484.384766
3218.114830	1.465129	0.577791	4781.024414
3218.115813	1.425703	0.577791	6182.490723
3218.116828	1.385211	0.577791	7588.479980
3218.117721	0.772731	0.577791	8278.528320
3218.118577	0.095387	0.577791	8360.179687
3218.119616	0.085931	0.577791	8449.462891
3218.120553	0.085909	0.577791	8529.959961
3218.121433	0.085935	0.577791	8605.583008
3218.122386	0.085920	0.577791	8687.464844
3218.123418	0.085924	0.577791	8776.138672
3218.124306	0.085873	0.577791	8852.393555
3218.125169	0.086019	0.577791	8926.627930
3218.126220	0.086012	0.577791	9017.026367
3218.127159	0.085924	0.577791	9097.708984
3219.150288	1.042277	0.568558	461.728546
3219.151157	1.516223	0.568558	1779.326416
3219.152158	1.507119	0.568558	3287.952637
3219.153213	1.463474	0.568558	4831.917969
3219.154111	1.426300	0.568558	6112.735352
3219.155035	1.389961	0.568558	7397.059082
3219.155907	0.974571	0.568558	8246.885742
3219.156890	0.099532	0.568558	8344.726562
3219.157806	0.085829	0.568558	8423.345703
3219.158682	0.085781	0.568558	8498.490234
3219.159675	0.085950	0.568558	8583.837891
3219.160567	0.085887	0.568558	8660.449219
3219.161479	0.085865	0.568558	8738.758789
3219.162363	0.085891	0.568558	8814.686523
3219.163318	0.085913	0.568558	8896.733398
3219.164240	0.085822	0.568558	8975.861328
3219.165126	0.085836	0.568558	9051.912109
3220.170935	1.023768	0.554407	429.982697
3220.171936	1.516699	0.554407	1948.198608
3220.173009	1.500542	0.554407	3558.280273
3220.173917	1.461493	0.554407	4885.315918
3220.174785	1.424399	0.554407	6121.694336
3220.175920	1.381655	0.554407	7689.873047
3220.176890	0.548470	0.554407	8221.889648
3220.177757	0.088466	0.554407	8298.588867
3220.178806	0.085997	0.554407	8388.799805
3220.179831	0.085909	0.554407	8476.857422
3220.180723	0.085924	0.554407	8553.501953
3220.181639	0.086005	0.554407	8632.282227
3220.182693	0.085961	0.554407	8722.884766
3220.183635	0.085913	0.554407	8803.814453
3220.184495	0.085873	0.554407	8877.665039
3220.185537	0.086001	0.554407	8967.278320
3220.186553	0.085833	0.554407	9054.484375
3221.204161	1.032924	0.556457	443.124207
3221.205158	1.516864	0.556457	1955.437500
3221.206216	1.501135	0.556457	3543.638672
3221.207106	1.462441	0.556457	4845.211426
3221.207982	1.425125	0.556457	6093.620605
3221.209093	1.383087	0.556457	7630.230469
3221.210073	0.598876	0.556457	8217.128906
3221.210941	0.089290	0.556457	8294.631836
3221.212003	0.086049	0.556457	8386.015625
3221.213035	0.085931	0.556457	8474.697266
3221.213927	0.085873	0.556457	8551.295898
3221.214844	0.085964	0.556457	8630.125000
3221.215912	0.085994	0.556457	8721.965820
3221.216859	0.085917	0.556457	8803.329102
3221.217723	0.085983	0.556457	8877.618164
3221.218770	0.086144	0.556457	8967.810547
3221.219779	0.085968	0.556457	9054.552734
3222.229025	1.116943	0.556284	574.108887
3222.229993	1.523643	0.556284	2048.994873
3222.230864	1.505574	0.556284	3360.349609
3222.231737	1.466525	0.556284	4640.625488
3222.232877	1.422594	0.556284	6262.382812
3222.233783	1.386566	0.556284	7518.611816
3222.234654	0.858223	0.556284	8266.124023
3222.235675	0.093563	0.556284	8361.652344
3222.236635	0.085884	0.556284	8444.100586
3222.237509	0.085990	0.556284	8519.255859
3222.238375	0.085990	0.556284	8593.723633
3222.239496	0.085957	0.556284	8690.081055
3222.240395	0.085939	0.556284	8767.339844
3222.241256	0.085862	0.556284	8841.266602
3222.242328	0.085972	0.556284	8933.428711
3222.243302	0.085968	0.556284	9017.161133
3222.244186	0.085829	0.556284	9093.034180
3223.258423	1.147943	0.559768	621.037231
3223.259465	1.524188	0.559768	2209.241211
3223.260361	1.500666	0.559768	3553.838379
3223.261259	1.461515	0.559768	4866.278809
3223.262365	1.417478	0.559768	6434.009277
3223.263324	1.380286	0.559768	7757.703125
3223.264191	0.625492	0.559768	8300.004883
3223.265236	0.087773	0.559768	8391.728516
3223.266247	0.085898	0.559768	8478.572266
3223.267133	0.085862	0.559768	8554.645508
3223.268052	0.085814	0.559768	8633.508789
3223.268919	0.085953	0.559768	8708.030273
3223.269912	0.085983	0.559768	8793.411133
3223.270799	0.085884	0.559768	8869.589844
3223.271717	0.085917	0.559768	8948.460937
3223.272586	0.085979	0.559768	9023.176758
3223.273561	0.085858	0.559768	9106.888672
3224.287416	1.028947	0.549770	435.244385
3224.288460	1.520717	0.549770	2022.872437
3224.289490	1.499681	0.549770	3567.544189
3224.290391	1.461515	0.549770	4884.369141
3224.291351	1.422594	0.549770	6250.059570
3224.292424	1.380414	0.549770	7731.243652
3224.293363	0.541604	0.549770	8239.809570
3224.294228	0.088564	0.549770	8316.417969
3224.295303	0.085920	0.549770	8408.782227
3224.296291	0.085803	0.549770	8493.555664
3224.297181	0.085818	0.549770	8569.933594
3224.298168	0.085950	0.549770	8654.765625
3224.299222	0.085884	0.549770	8745.287109
3224.300129	0.085862	0.549770	8823.164062
3224.300989	0.085887	0.549770	8897.027344
3224.302083	0.085869	0.549770	8990.967773
3224.303052	0.085752	0.549770	9074.061523
3225.314244	1.062147	0.555764	458.847565
3225.315348	1.522767	0.555764	2139.982666
3225.316331	1.499143	0.555764	3613.640381
3225.317202	1.462101	0.555764	4887.130371
3225.318240	1.419562	0.555764	6360.635742
3225.319296	1.378715	0.555764	7816.558594
3225.320194	0.523477	0.555764	8286.640625
3225.321128	0.088458	0.555764	8369.260742
3225.322183	0.085997	0.555764	8459.988281
3225.323125	0.085858	0.555764	8540.866211
3225.323993	0.085869	0.555764	8615.400391
3225.325036	0.085990	0.555764	8705.087891
3225.326056	0.085898	0.555764	8792.704102
3225.326955	0.085931	0.555764	8869.956055
3225.327904	0.086038	0.555764	8951.605469
3225.328953	0.085939	0.555764	9041.754883
3225.329881	0.085873	0.555764	9121.445312
3226.345736	1.093488	0.557356	548.930725
3226.346641	1.521090	0.557356	1925.517090
3226.347507	1.509218	0.557356	3232.499512
3226.348597	1.463485	0.557356	4827.698242
3226.349582	1.423246	0.557356	6229.595703
3226.350464	1.388196	0.557356	7453.984375
3226.351354	0.857417	0.557356	8217.085937
3226.352456	0.091311	0.557356	8317.710937
3226.353337	0.085822	0.557356	8393.319336
3226.354195	0.085895	0.557356	8467.016602
3226.355264	0.085931	0.557356	8558.876953
3226.356213	0.085844	0.557356	8640.342773
3226.357092	0.085865	0.557356	8715.818359
3226.357953	0.085939	0.557356	8789.811523
3226.359055	0.085946	0.557356	8884.524414
3226.359956	0.085825	0.557356	8961.852539
3226.360835	0.085946	0.557356	9037.399414
3227.370428	1.031796	0.571854	438.513153
3227.371461	1.520900	0.571854	2009.602539
3227.372494	1.500212	0.571854	3559.322021
3227.373396	1.461731	0.571854	4877.803223
3227.374360	1.423169	0.571854	6249.738281
3227.375409	1.381703	0.571854	7699.144531
3227.376340	0.593470	0.571854	8251.666016
3227.377200	0.089619	0.571854	8328.738281
3227.378271	0.085986	0.571854	8420.830078
3227.379271	0.085836	0.571854	8506.666016
3227.380152	0.085807	0.571854	8582.261719
3227.381139	0.085928	0.571854	8667.072266
3227.382181	0.085920	0.571854	8756.601562
3227.383088	0.085884	0.571854	8834.498047
3227.383944	0.085884	0.571854	8908.014648
3227.385001	0.085928	0.571854	8998.839844
3227.386002	0.085920	0.571854	9084.845703
3228.404254	1.087921	0.560772	567.894836
3228.405311	1.523723	0.560772	2178.470215
3228.406243	1.499301	0.560772	3575.818359
3228.407111	1.461632	0.560772	4844.514648
3228.408177	1.419049	0.560772	6357.220703
3228.409187	1.379645	0.560772	7750.662109
3228.410079	0.578243	0.560772	8266.455078
3228.411061	0.088982	0.560772	8353.834961
3228.412104	0.085876	0.560772	8443.404297
3228.413010	0.085800	0.560772	8521.138672
3228.413866	0.085873	0.560772	8594.645508
3228.414940	0.085953	0.560772	8686.958984
3228.415942	0.085796	0.560772	8772.926758
3228.416818	0.085796	0.560772	8848.083984
3228.417800	0.085928	0.560772	8932.464844
3228.418856	0.085887	0.560772	9023.162109
3228.419762	0.085792	0.560772	9100.889648
3229.427127	1.039567	0.553722	436.617981
3229.428221	1.522299	0.553722	2102.012695
3229.429208	1.499513	0.553722	3582.031982
3229.430107	1.461365	0.553722	4895.798828
3229.431111	1.421166	0.553722	6322.649414
3229.432166	1.380172	0.553722	7778.730957
3229.433065	0.557864	0.553722	8280.250000
3229.433954	0.089030	0.553722	8359.397461
3229.435042	0.085913	0.553722	8452.871094
3229.435991	0.085785	0.553722	8534.281250
3229.436851	0.085803	0.553722	8608.072266
3229.437892	0.085931	0.553722	8697.526367
3229.438923	0.085851	0.553722	8786.039062
3229.439806	0.085858	0.553722	8861.851562
3229.440740	0.085917	0.553722	8942.097656
3229.441796	0.085935	0.553722	9032.844727
3229.442727	0.085719	0.553722	9112.649414
3230.459601	1.040035	0.549186	458.655609
3230.460520	1.518702	0.549186	1854.343140
3230.461387	1.508745	0.549186	3162.425293
3230.462451	1.466027	0.549186	4722.277832
3230.463342	1.429091	0.549186	5995.597656
3230.464229	1.394575	0.549186	7232.585937
3230.465234	0.933907	0.549186	8171.163086
3230.466162	0.102257	0.549186	8266.057617
3230.467084	0.085862	0.549186	8345.222656
3230.467951	0.085961	0.549186	8419.750977
3230.468996	0.085781	0.549186	8509.392578
3230.469887	0.085781	0.549186	8585.823242
3230.470763	0.085858	0.549186	8661.035156
3230.471768	0.086034	0.549186	8747.499023
3230.472703	0.085873	0.549186	8827.790039
3230.473622	0.085774	0.549186	8906.616211
3230.474478	0.085880	0.549186	8980.129883
3231.484703	1.118155	0.528464	580.322693
3231.485663	1.523844	0.528464	2043.212891
3231.486555	1.505255	0.528464	3385.900391
3231.487586	1.462196	0.528464	4893.424316
3231.488616	1.420415	0.528464	6356.451660
3231.489510	1.384570	0.528464	7594.257324
3231.490413	0.738560	0.528464	8261.176758
3231.491495	0.088685	0.528464	8357.133789
3231.492454	0.085785	0.528464	8439.401367
3231.493315	0.085862	0.528464	8513.328125
3231.494352	0.085920	0.528464	8602.427734
3231.495392	0.085906	0.528464	8691.769531
3231.496272	0.085898	0.528464	8767.360352
3231.497200	0.085891	0.528464	8847.067383
3231.498293	0.085854	0.528464	8940.906250
3231.499216	0.085854	0.528464	9020.150391
3231.500086	0.085851	0.528464	9094.840820
3232.515316	1.090364	0.533907	526.645752
3232.516206	1.519834	0.533907	1879.298096
3232.517177	1.506592	0.533907	3342.198730
3232.518231	1.462390	0.533907	4883.557617
3232.519163	1.424074	0.533907	6210.793945
3232.520024	1.389177	0.533907	7406.875488
3232.521101	0.708534	0.533907	8169.966309
3232.522109	0.088491	0.533907	8259.165039
3232.522978	0.085840	0.533907	8333.759766
3232.523959	0.085920	0.533907	8418.047852
3232.525009	0.085854	0.533907	8508.195312
3232.525917	0.085836	0.533907	8586.134766
3232.526785	0.085884	0.533907	8660.681641
3232.527863	0.086056	0.533907	8753.450195
3232.528853	0.085836	0.533907	8838.427734
3232.529750	0.085811	0.533907	8915.399414
3232.530747	0.085942	0.533907	9001.083984
3233.542350	1.048242	0.507368	463.323059
3233.543224	1.516234	0.507368	1788.511719
3233.544293	1.504416	0.507368	3396.732910
3233.545308	1.461720	0.507368	4880.378418
3233.546205	1.425187	0.507368	6158.770996
3233.547176	1.387280	0.507368	7505.820312
3233.548235	0.625232	0.507368	8167.940918
3233.549147	0.088722	0.507368	8248.855469
3233.550006	0.085946	0.507368	8322.683594
3233.551069	0.085983	0.507368	8414.083008
3233.552070	0.085862	0.507368	8500.030273
3233.552948	0.085876	0.507368	8575.429687
3233.553949	0.085928	0.507368	8661.443359
3233.554996	0.085931	0.507368	8751.413086
3233.555887	0.085950	0.507368	8827.994141
3233.556745	0.086041	0.507368	8901.817383
3233.557838	0.086071	0.507368	8995.892578
3234.571547	1.105203	0.521419	555.916931
3234.572438	1.521401	0.521419	1911.485596
3234.573322	1.508595	0.521419	3245.083496
3234.574323	1.466371	0.521419	4712.920898
3234.575324	1.425004	0.521419	6139.349609
3234.576229	1.389507	0.521419	7396.853516
3234.577100	0.908478	0.521419	8188.137695
3234.578219	0.092402	0.521419	8291.536133
3234.579122	0.085704	0.521419	8368.926758
3234.579999	0.085833	0.521419	8444.202148
3234.581004	0.085961	0.521419	8530.592773
3234.581999	0.085800	0.521419	8615.962891
3234.582897	0.085836	0.521419	8693.043945
3234.583756	0.085924	0.521419	8766.852539
3234.584848	0.085909	0.521419	8860.666016
3234.585735	0.085902	0.521419	8936.861328
3234.586605	0.085887	0.521419	9011.583008
3235.598795	1.043591	0.495448	459.180145
3235.599723	1.518666	0.495448	1868.502075
3235.600610	1.509858	0.495448	3207.746582
3235.601559	1.471165	0.495448	4603.881836
3235.602491	1.432222	0.495448	5938.712402
3235.603393	1.395949	0.495448	7197.857910
3235.604259	1.056270	0.495448	8112.587402
3235.605287	0.112672	0.495448	8228.414062
3235.606208	0.085807	0.495448	8307.442383
3235.607096	0.085844	0.495448	8383.671875
3235.607963	0.085895	0.495448	8458.142578
3235.608971	0.085800	0.495448	8544.628906
3235.609896	0.085774	0.495448	8623.969727
3235.610759	0.085854	0.495448	8698.062500
3235.611782	0.085778	0.495448	8785.812500
3235.612655	0.085873	0.495448	8860.779297
3235.613522	0.085869	0.495448	8935.227539
3236.627720	1.099113	0.517205	547.358093
3236.628672	1.523141	0.517205	1997.388184
3236.629537	1.507061	0.517205	3300.995605
3236.630606	1.462321	0.517205	4864.216309
3236.631608	1.421602	0.517205	6288.661133
3236.632498	1.386379	0.517205	7522.539062
3236.633478	0.726877	0.517205	8234.878906
3236.634527	0.088652	0.517205	8327.875000
3236.635449	0.085880	0.517205	8407.056641
3236.636305	0.085898	0.517205	8480.585937
3236.637362	0.086005	0.517205	8571.493164
3236.638372	0.085906	0.517205	8658.257812
3236.639248	0.085876	0.517205	8733.485352
3236.640211	0.085924	0.517205	8816.230469
3236.641283	0.085968	0.517205	8908.388672
3236.642178	0.085913	0.517205	8985.281250
3236.643046	0.085906	0.517205	9059.847656
3237.656586	1.064938	0.492105	535.663696
3237.657656	1.523588	0.492105	2165.902344
3237.658606	1.498887	0.492105	3589.844727
3237.659473	1.461610	0.492105	4857.060547
3237.660534	1.418921	0.492105	6362.535645
3237.661548	1.379304	0.492105	7761.149902
3237.662455	0.537872	0.492105	8249.000000
3237.663418	0.088542	0.492105	8334.266602
3237.664463	0.085869	0.492105	8424.000000
3237.665377	0.085891	0.492105	8502.504883
3237.666235	0.085880	0.492105	8576.190430
3237.667325	0.086023	0.492105	8669.955078
3237.668327	0.085840	0.492105	8755.966797
3237.669205	0.085865	0.492105	8831.356445
3237.670204	0.085935	0.492105	8917.205078
3237.671257	0.085895	0.492105	9007.652344
3237.672157	0.085913	0.492105	9084.974609
3238.683070	1.031246	0.528025	439.310913
3238.684123	1.520779	0.528025	2040.690918
3238.685077	1.502842	0.528025	3474.401855
3238.685954	1.465422	0.528025	4759.577148
3238.686890	1.427011	0.528025	6095.258789
3238.687973	1.385215	0.528025	7595.446289
3238.688858	0.766146	0.528025	8273.485352
3238.689723	0.094662	0.528025	8355.368164
3238.690736	0.085913	0.528025	8442.398437
3238.691698	0.085869	0.528025	8525.004883
3238.692578	0.085891	0.528025	8600.588867
3238.693462	0.085898	0.528025	8676.523437
3238.694565	0.085972	0.528025	8771.350586
3238.695459	0.085844	0.528025	8848.094727
3238.696322	0.085946	0.528025	8922.266602
3238.697389	0.086045	0.528025	9014.076172
3238.698353	0.085814	0.528025	9096.800781
3239.713334	1.130859	0.495819	619.710937
3239.714387	1.524203	0.495819	2224.696533
3239.715295	1.499495	0.495819	3586.237793
3239.716161	1.460955	0.495819	4851.424316
3239.717272	1.417474	0.495819	6426.238281
3239.718242	1.379919	0.495819	7764.760254
3239.719116	0.603307	0.495819	8292.050781
3239.720160	0.087737	0.495819	8383.648437
3239.721179	0.086005	0.495819	8471.287109
3239.722068	0.085858	0.495819	8547.615234
3239.722972	0.085913	0.495819	8625.280273
3239.724043	0.085986	0.495819	8717.372070
3239.724988	0.085865	0.495819	8798.514648
3239.725849	0.085891	0.495819	8872.466797
3239.726899	0.085990	0.495819	8962.755859
3239.727918	0.085869	0.495819	9050.256836
3239.728796	0.085858	0.495819	9125.640625
3240.740132	1.131178	0.520585	587.081360
3240.741152	1.524016	0.520585	2141.577881
3240.742052	1.501923	0.520585	3493.308105
3240.743009	1.461918	0.520585	4892.363281
3240.744083	1.417819	0.520585	6415.100586
3240.745016	1.381304	0.520585	7703.856934
3240.745887	0.659359	0.520585	8278.159180
3240.746955	0.087806	0.520585	8371.936523
3240.747946	0.085847	0.520585	8457.010742
3240.748837	0.085898	0.520585	8533.545898
3240.749830	0.085983	0.520585	8618.926758
3240.750885	0.085924	0.520585	8709.576172
3240.751787	0.085917	0.520585	8787.073242
3240.752644	0.085935	0.520585	8860.719727
3240.753726	0.086027	0.520585	8953.800781
3240.754720	0.085829	0.520585	9039.114258
3240.755598	0.085924	0.520585	9114.555664
3241.769470	1.060917	0.511252	523.031982
3241.770530	1.522745	0.511252	2137.142090
3241.771475	1.500128	0.511252	3554.763184
3241.772342	1.462899	0.511252	4823.096680
3241.773395	1.420382	0.511252	6318.758789
3241.774423	1.380297	0.511252	7737.703613
3241.775315	0.594064	0.511252	8267.608398
3241.776273	0.089495	0.511252	8353.344727
3241.777329	0.086005	0.511252	8444.166016
3241.778240	0.085924	0.511252	8522.442383
3241.779106	0.085950	0.511252	8596.875000
3241.780147	0.086016	0.511252	8686.416992
3241.781154	0.085913	0.511252	8772.931641
3241.782044	0.085942	0.511252	8849.419922
3241.783012	0.086005	0.511252	8932.672852
3241.784059	0.086001	0.511252	9022.715820
3241.784983	0.085942	0.511252	9102.126953
3242.798043	1.052413	0.518833	468.323944
3242.798918	1.516769	0.518833	1795.496704
3242.799783	1.511792	0.518833	3103.196777
3242.800836	1.468693	0.518833	4649.729980
3242.801735	1.431160	0.518833	5936.342773
3242.802610	1.396362	0.518833	7158.159668
3242.803519	1.059331	0.518833	8121.091797
3242.804543	0.109197	0.518833	8232.909180
3242.805462	0.085880	0.518833	8311.833008
3242.806339	0.085964	0.518833	8387.223633
3242.807347	0.085997	0.518833	8473.909180
3242.808258	0.085986	0.518833	8552.243164
3242.809185	0.085833	0.518833	8631.809570
3242.810044	0.085986	0.518833	8705.671875
3242.811054	0.085906	0.518833	8792.436523
3242.811944	0.085862	0.518833	8868.853516
3242.812822	0.085800	0.518833	8944.185547
3243.825593	1.038999	0.517270	440.535553
3243.826674	1.521943	0.517270	2085.756348
3243.827683	1.498707	0.517270	3597.952148
3243.828579	1.461050	0.517270	4907.052734
3243.829569	1.421100	0.517270	6313.941406
3243.830627	1.379824	0.517270	7773.795410
3243.831539	0.541538	0.517270	8267.677734
3243.832401	0.088685	0.517270	8344.124023
3243.833522	0.086096	0.517270	8440.637695
3243.834497	0.085979	0.517270	8524.466797
3243.835365	0.085909	0.517270	8599.036133
3243.836407	0.085994	0.517270	8688.641602
3243.837446	0.085887	0.517270	8777.878906
3243.838336	0.085858	0.517270	8854.292969
3243.839260	0.085953	0.517270	8933.713867
3243.840309	0.085924	0.517270	9023.848633
3243.841260	0.085972	0.517270	9105.607422
3244.854983	1.040427	0.522563	451.545410
3244.855945	1.515487	0.522563	1909.443848
3244.857001	1.502230	0.522563	3495.798828
3244.857929	1.462661	0.522563	4853.148437
3244.858790	1.426725	0.522563	6081.558594
3244.859864	1.385101	0.522563	7569.157227
3244.860883	0.603138	0.522563	8183.755371
3244.861758	0.089341	0.522563	8261.928711
3244.862744	0.085909	0.522563	8346.635742
3244.863811	0.085946	0.522563	8438.339844
3244.864702	0.085902	0.522563	8514.878906
3244.865566	0.085851	0.522563	8589.053711
3244.866648	0.085983	0.522563	8682.086914
3244.867639	0.085873	0.522563	8767.186523
3244.868532	0.085928	0.522563	8843.919922
3244.869526	0.085924	0.522563	8929.328125
3244.870581	0.086056	0.522563	9020.117187
3245.881790	1.030206	0.517012	437.837646
3245.882824	1.518538	0.517012	2008.005493
3245.883873	1.499916	0.517012	3581.416992
3245.884760	1.461643	0.517012	4877.894531
3245.885676	1.424121	0.517012	6182.389648
3245.886751	1.382410	0.517012	7668.479980
3245.887703	0.600992	0.517012	8240.625000
3245.888564	0.089685	0.517012	8317.843750
3245.889625	0.085876	0.517012	8408.958984
3245.890653	0.085935	0.517012	8497.299805
3245.891529	0.085836	0.517012	8572.492187
3245.892480	0.086001	0.517012	8654.279297
3245.893528	0.085972	0.517012	8744.377930
3245.894465	0.085891	0.517012	8824.857422
3245.895330	0.085876	0.517012	8899.140625
3245.896360	0.085950	0.517012	8987.668945
3245.897382	0.085909	0.517012	9075.468750
3246.911938	1.037732	0.524770	449.337921
3246.912803	1.514586	0.524770	1759.454956
3246.913867	1.505636	0.524770	3361.451660
3246.914765	1.467513	0.524770	4679.278809
3246.915649	1.431094	0.524770	5944.365723
3246.916608	1.393649	0.524770	7280.875000
3246.917596	0.938181	0.524770	8207.797852
3246.918519	0.104396	0.524770	8304.155273
3246.919383	0.085862	0.524770	8378.339844
3246.920426	0.085986	0.524770	8468.023437
3246.921298	0.085935	0.524770	8542.958984
3246.922169	0.086005	0.524770	8617.869141
3246.923051	0.086008	0.524770	8693.728516
3246.924090	0.085935	0.524770	8783.014648
3246.924992	0.085869	0.524770	8860.468750
3246.925863	0.085917	0.524770	8935.301758
3246.926856	0.086012	0.524770	9020.711914
3247.937742	1.054431	0.527639	466.058594
3247.938608	1.515593	0.527639	1778.562256
3247.939711	1.502948	0.527639	3436.313965
3247.940686	1.461830	0.527639	4861.598145
3247.941569	1.426047	0.527639	6120.797852
3247.942580	1.386658	0.527639	7522.708984
3247.943639	0.619219	0.527639	8178.461426
3247.944535	0.088583	0.527639	8257.832031
3247.945420	0.086008	0.527639	8333.949219
3247.946503	0.085990	0.527639	8427.076172
3247.947460	0.085931	0.527639	8509.312500
3247.948318	0.086016	0.527639	8583.114258
3247.949347	0.086041	0.527639	8671.650391
3247.950391	0.086034	0.527639	8761.469727
3247.951269	0.085880	0.527639	8836.872070
3247.952205	0.086005	0.527639	8917.372070
3247.953265	0.086034	0.527639	9008.568359
3248.970249	1.095586	0.527941	549.984131
3248.971136	1.520687	0.527941	1898.833740
3248.972073	1.506768	0.527941	3310.675049
3248.973154	1.461548	0.527941	4890.608398
3248.974097	1.423066	0.527941	6232.560059
3248.974966	1.388163	0.527941	7438.873535
3248.976032	0.683346	0.527941	8167.320312
3248.977050	0.088118	0.527941	8257.024414
3248.977926	0.085913	0.527941	8332.284180
3248.978898	0.085979	0.527941	8415.855469
3248.979949	0.086016	0.527941	8506.257812
3248.980863	0.085928	0.527941	8584.795898
3248.981732	0.085928	0.527941	8659.466797
3248.982769	0.086045	0.527941	8748.695312
3248.983775	0.085902	0.527941	8835.113281
3248.984665	0.085964	0.527941	8911.621094
3248.985636	0.086063	0.527941	8995.188477
3249.994697	1.045631	0.514269	454.849518
3249.995563	1.515059	0.514269	1766.890259
3249.996673	1.503779	0.514269	3436.085449
3249.997567	1.465129	0.514269	4745.911133
3249.998444	1.429230	0.514269	5999.345703
3249.999453	1.389653	0.514269	7401.505859
3250.000453	0.786804	0.514269	8188.310059
3250.001349	0.094102	0.514269	8272.625000
3250.002210	0.085920	0.514269	8346.602539
3250.003315	0.085920	0.514269	8441.544922
3250.004221	0.085895	0.514269	8519.365234
3250.005096	0.085887	0.514269	8594.516602
3250.006076	0.086038	0.514269	8678.833008
3250.007069	0.085902	0.514269	8764.133789
3250.007976	0.085895	0.514269	8842.040039
3250.008848	0.085950	0.514269	8916.988281
3250.009929	0.086008	0.514269	9009.962891
3251.026522	1.165704	0.518704	683.102661
3251.027429	1.523628	0.518704	2065.033203
3251.028343	1.503256	0.518704	3439.008789
3251.029229	1.464591	0.518704	4736.636719
3251.030258	1.423737	0.518704	6201.661621
3251.031150	1.388639	0.518704	7440.327637
3251.032037	0.926125	0.518704	8261.800781
3251.033021	0.104377	0.518704	8364.507812
3251.033966	0.085825	0.518704	8445.612305
3251.034881	0.085887	0.518704	8524.199219
3251.035744	0.085847	0.518704	8598.285156
3251.036783	0.085891	0.518704	8687.526367
3251.037655	0.085854	0.518704	8762.391602
3251.038524	0.085854	0.518704	8836.999023
3251.039451	0.085953	0.518704	8916.677734
3251.040441	0.085975	0.518704	9001.792969
3251.041364	0.085931	0.518704	9081.107422
3252.050875	1.024259	0.514716	431.213013
3252.051826	1.514275	0.514716	1871.288330
3252.052883	1.502465	0.514716	3459.393311
3252.053827	1.462734	0.514716	4840.214355
3252.054696	1.426549	0.514716	6079.885742
3252.055767	1.384592	0.514716	7562.784180
3252.056782	0.603025	0.514716	8174.854492
3252.057668	0.089081	0.514716	8253.780273
3252.058648	0.085920	0.514716	8337.982422
3252.059713	0.085946	0.514716	8429.514648
3252.060636	0.085920	0.514716	8508.819336
3252.061496	0.085986	0.514716	8582.767578
3252.062574	0.086096	0.514716	8675.579102
3252.063565	0.085964	0.514716	8760.769531
3252.064443	0.085931	0.514716	8836.217773
3252.065434	0.086100	0.514716	8921.542969
3252.066476	0.086078	0.514716	9011.236328
3253.082632	1.093755	0.510313	546.877441
3253.083584	1.522676	0.510313	1996.464722
3253.084455	1.506801	0.510313	3308.887939
3253.085512	1.462317	0.510313	4854.556641
3253.086546	1.420565	0.510313	6323.420898
3253.087440	1.384790	0.510313	7561.423340
3253.088387	0.729840	0.510313	8252.582031
3253.089452	0.088374	0.510313	8346.700195
3253.090400	0.085906	0.510313	8428.138672
3253.091260	0.085895	0.510313	8502.007812
3253.092325	0.086008	0.510313	8593.606445
3253.093340	0.085950	0.510313	8680.845703
3253.094217	0.086012	0.510313	8756.278320
3253.095195	0.085946	0.510313	8840.333984
3253.096233	0.085865	0.510313	8929.461914
3253.097156	0.085884	0.510313	9008.732422
3253.098015	0.085909	0.510313	9082.528320
3254.107838	1.032056	0.507195	437.591583
3254.108916	1.521497	0.507195	2077.764893
3254.109934	1.498942	0.507195	3603.687500
3254.110815	1.461229	0.507195	4891.030273
3254.111816	1.421554	0.507195	6314.005859
3254.112868	1.380062	0.507195	7765.831055
3254.113782	0.552858	0.507195	8271.142578
3254.114638	0.088788	0.507195	8347.144531
3254.115709	0.086100	0.507195	8439.357422
3254.116708	0.085924	0.507195	8525.195312
3254.117599	0.085902	0.507195	8601.734375
3254.118591	0.086049	0.507195	8687.094727
3254.119652	0.085968	0.507195	8778.306641
3254.120549	0.085884	0.507195	8855.344727
3254.121413	0.085957	0.507195	8929.611328
3254.122517	0.085990	0.507195	9024.543945
3254.123481	0.085931	0.507195	9107.381836
3255.138504	1.036322	0.492113	446.654785
3255.139529	1.519874	0.492113	2004.525879
3255.140436	1.504515	0.492113	3369.121338
3255.141364	1.465898	0.492113	4729.475098
3255.142234	1.428523	0.492113	5972.290039
3255.143284	1.388412	0.492113	7430.122559
3255.144195	0.887307	0.492113	8238.458984
3255.145067	0.102480	0.492113	8327.822266
3255.146078	0.085854	0.492113	8414.621094
3255.146998	0.085939	0.492113	8493.684570
3255.147916	0.085840	0.492113	8572.485352
3255.148777	0.085942	0.492113	8646.481445
3255.149814	0.085931	0.492113	8735.592773
3255.150696	0.085990	0.492113	8811.435547
3255.151561	0.085891	0.492113	8885.731445
3255.152529	0.085942	0.492113	8968.923828
3255.153481	0.085876	0.492113	9050.677734
3256.165906	1.106378	0.507255	556.508240
3256.166837	1.522423	0.507255	1973.884277
3256.167703	1.506595	0.507255	3278.595947
3256.168805	1.461313	0.507255	4888.963379
3256.169797	1.420408	0.507255	6298.007812
3256.170687	1.385768	0.507255	7531.341309
3256.171706	0.655448	0.507255	8199.243164
3256.172749	0.087770	0.507255	8290.787109
3256.173648	0.086012	0.507255	8368.112305
3256.174508	0.085964	0.507255	8442.041992
3256.175617	0.086005	0.507255	8537.420898
3256.176584	0.085928	0.507255	8620.512695
3256.177439	0.085979	0.507255	8694.024414
3256.178521	0.086049	0.507255	8787.128906
3256.179556	0.085906	0.507255	8876.041016
3256.180429	0.085928	0.507255	8951.055664
3256.181359	0.086008	0.507255	9031.042969
3257.192930	1.073859	0.512492	496.122681
3257.193812	1.518512	0.512492	1835.450317
3257.194774	1.507625	0.512492	3285.785156
3257.195840	1.462804	0.512492	4845.134277
3257.196769	1.424784	0.512492	6168.758789
3257.197639	1.389258	0.512492	7377.413086
3257.198727	0.700679	0.512492	8139.751465
3257.199723	0.088359	0.512492	8227.757812
3257.200621	0.085898	0.512492	8304.894531
3257.201628	0.086049	0.512492	8391.545898
3257.202668	0.085939	0.512492	8480.921875
3257.203567	0.086016	0.512492	8558.250000
3257.204429	0.086023	0.512492	8632.401367
3257.205535	0.086089	0.512492	8727.615234
3257.206504	0.085939	0.512492	8810.889648
3257.207366	0.085917	0.512492	8884.950195
3257.208403	0.086052	0.512492	8974.186523
3258.223801	1.024039	0.507852	431.120575
3258.224794	1.516223	0.507852	1936.730225
3258.225854	1.500864	0.507852	3527.646484
3258.226765	1.461980	0.507852	4859.510254
3258.227628	1.425267	0.507852	6089.516113
3258.228729	1.383358	0.507852	7612.593262
3258.229704	0.623419	0.507852	8220.426758
3258.230567	0.089788	0.507852	8297.913086
3258.231672	0.086100	0.507852	8393.053711
3258.232690	0.085961	0.507852	8480.561523
3258.233590	0.085920	0.507852	8557.889648
3258.234513	0.086118	0.507852	8637.376953
3258.235563	0.085972	0.507852	8727.647461
3258.236502	0.085931	0.507852	8808.336914
3258.237361	0.085931	0.507852	8882.152344
3258.238390	0.086111	0.507852	8970.760742
3258.239410	0.085942	0.507852	9058.421875
