time (s)	coil I (A)	last det (V)	int current (uC)
6200.969175	1.058426	0.395739	456.181824
6200.970038	1.516311	0.395739	1764.758301
6200.971150	1.504677	0.395739	3437.958496
6200.972102	1.464474	0.395739	4832.137695
6200.972969	1.428874	0.395739	6070.971680
6200.974022	1.387830	0.395739	7532.356445
6200.975058	1.348649	0.395739	8929.556641
6200.975953	0.771511	0.395739	9620.059570
6200.976902	0.096010	0.395739	9711.172852
6200.977950	0.085931	0.395739	9801.228516
6200.978888	0.085961	0.395739	9881.859375
6200.979744	0.085891	0.395739	9955.381836
6200.980776	0.086129	0.395739	10044.267578
6200.981794	0.085909	0.395739	10131.723633
6200.982670	0.085865	0.395739	10206.941406
6200.983630	0.085913	0.395739	10289.417969
6200.984678	0.085972	0.395739	10379.516602
6200.985606	0.085957	0.395739	10459.285156
6201.982395	1.023036	0.415091	426.605957
6201.983268	1.514172	0.415091	1748.478394
6201.984372	1.504885	0.415091	3409.871826
6201.985348	1.464155	0.415091	4838.887695
6201.986219	1.428241	0.415091	6082.885742
6201.987237	1.388060	0.415091	7495.931152
6201.988288	1.348854	0.415091	8913.576172
6201.989187	0.751362	0.415091	9589.050781
6201.990123	0.094940	0.415091	9677.915039
6201.991190	0.086133	0.415091	9769.818359
6201.992116	0.085920	0.415091	9849.380859
6201.992985	0.085928	0.415091	9924.051758
6201.994057	0.086016	0.415091	10016.260742
6201.995065	0.085917	0.415091	10102.865234
6201.995955	0.085964	0.415091	10179.373047
6201.996911	0.086085	0.415091	10261.670898
6201.997957	0.085975	0.415091	10351.601562
6201.998873	0.085935	0.415091	10430.318359
6203.033531	1.027123	0.410298	434.472961
6203.034544	1.517794	0.410298	1971.998535
6203.035458	1.506943	0.410298	3349.344727
6203.036363	1.468729	0.410298	4678.544922
6203.037240	1.432020	0.410298	5934.426758
6203.038272	1.391818	0.410298	7370.782715
6203.039169	1.357709	0.410298	8588.647461
6203.040050	1.089133	0.410298	9548.173828
6203.041022	0.138494	0.410298	9682.790039
6203.041983	0.085876	0.410298	9765.317383
6203.042898	0.085957	0.410298	9843.967773
6203.043768	0.085942	0.410298	9918.737305
6203.044806	0.085968	0.410298	10007.971680
6203.045679	0.085873	0.410298	10082.938477
6203.046548	0.085990	0.410298	10157.664062
6203.047442	0.085968	0.410298	10234.519531
6203.048472	0.085763	0.410298	10322.855469
6203.049369	0.085928	0.410298	10399.932617
6204.039104	1.026160	0.418076	436.117859
6204.040099	1.515747	0.418076	1944.286133
6204.041158	1.502622	0.418076	3535.562988
6204.042071	1.463397	0.418076	4871.644531
6204.042933	1.426860	0.418076	6101.598145
6204.043992	1.385643	0.418076	7568.994141
6204.044995	1.348147	0.418076	8921.185547
6204.045898	0.738651	0.418076	9588.187500
6204.046882	0.092476	0.418076	9679.183594
6204.047928	0.085917	0.418076	9769.052734
6204.048832	0.085924	0.418076	9846.728516
6204.049695	0.085950	0.418076	9920.903320
6204.050805	0.086071	0.418076	10016.441406
6204.051777	0.085858	0.418076	10099.895508
6204.052648	0.086008	0.418076	10174.808594
6204.053709	0.086012	0.418076	10266.067383
6204.054746	0.085920	0.418076	10355.166992
6204.055640	0.085964	0.418076	10432.019531
6205.091782	1.033484	0.414938	446.465027
6205.092649	1.515425	0.414938	1760.338379
6205.093698	1.507009	0.414938	3341.190918
6205.094719	1.463994	0.414938	4835.928711
6205.095612	1.427443	0.414938	6110.634766
6205.096569	1.390221	0.414938	7441.076172
6205.097622	1.350037	0.414938	8862.665039
6205.098561	0.750707	0.414938	9567.579102
6205.099425	0.094944	0.414938	9649.610352
6205.100505	0.086027	0.414938	9742.519531
6205.101490	0.085986	0.414938	9827.215820
6205.102376	0.086008	0.414938	9903.418945
6205.103364	0.086082	0.414938	9988.467773
6205.104414	0.085953	0.414938	10078.718750
6205.105310	0.085924	0.414938	10155.707031
6205.106167	0.086034	0.414938	10229.438477
6205.107243	0.086034	0.414938	10322.010742
6205.108232	0.085913	0.414938	10406.978516
6206.095294	1.036011	0.420506	442.376587
6206.096168	1.515633	0.420506	1767.040283
6206.097158	1.509203	0.420506	3261.151123
6206.098165	1.466935	0.420506	4738.354492
6206.099059	1.430299	0.420506	6017.041992
6206.099925	1.394539	0.420506	7224.712402
6206.101026	1.354764	0.420506	8716.307617
6206.101923	0.952961	0.420506	9571.114258
6206.102789	0.113811	0.420506	9669.674805
6206.103808	0.085935	0.420506	9757.242187
6206.104799	0.085884	0.420506	9842.352539
6206.105670	0.085975	0.420506	9917.237305
6206.106537	0.085997	0.420506	9991.796875
6206.107621	0.085983	0.420506	10085.001953
6206.108527	0.085946	0.420506	10162.869141
6206.109405	0.086012	0.420506	10238.387695
6206.110377	0.085964	0.420506	10321.945312
6206.111382	0.085975	0.420506	10408.350586
6207.148998	1.023790	0.418234	434.087067
6207.149862	1.514674	0.418234	1742.765381
6207.150896	1.508357	0.418234	3302.406494
6207.151796	1.469528	0.418234	4624.981445
6207.152726	1.432192	0.418234	5956.920410
6207.153592	1.396099	0.418234	7165.941895
6207.154639	1.357870	0.418234	8587.631836
6207.155517	1.070317	0.418234	9527.370117
6207.156395	0.138138	0.418234	9648.655273
6207.157384	0.085920	0.418234	9733.630859
6207.158310	0.085939	0.418234	9813.209961
6207.159231	0.085913	0.418234	9892.335937
6207.160094	0.085964	0.418234	9966.523437
6207.161131	0.085968	0.418234	10055.671875
6207.162020	0.085876	0.418234	10132.015625
6207.162891	0.085902	0.418234	10206.835937
6207.163822	0.085997	0.418234	10286.899414
6207.164814	0.085858	0.418234	10372.070312
6208.150550	1.102269	0.438359	559.952820
6208.151489	1.523035	0.438359	1990.082275
6208.152352	1.508155	0.438359	3291.620605
6208.153423	1.463727	0.438359	4859.271973
6208.154441	1.422052	0.438359	6306.920898
6208.155325	1.387057	0.438359	7533.079102
6208.156300	1.351165	0.438359	8850.464844
6208.157353	0.629667	0.438359	9513.503906
6208.158273	0.089048	0.438359	9595.427734
6208.159133	0.085898	0.438359	9669.300781
6208.160225	0.086093	0.438359	9763.313477
6208.161226	0.085909	0.438359	9849.308594
6208.162095	0.085983	0.438359	9924.027344
6208.163062	0.086067	0.438359	10007.253906
6208.164111	0.086071	0.438359	10097.541992
6208.165016	0.085924	0.438359	10175.303711
6208.165886	0.086045	0.438359	10250.163086
6208.166985	0.086067	0.438359	10344.750977
6209.209890	1.120565	0.420493	573.729370
6209.210938	1.524822	0.420493	2171.742676
6209.211835	1.502259	0.420493	3519.269531
6209.212796	1.462196	0.420493	4924.439941
6209.213859	1.418408	0.420493	6432.208008
6209.214796	1.381747	0.420493	7726.904785
6209.215664	1.348484	0.420493	8897.388672
6209.216762	0.533262	0.420493	9482.910156
6209.217764	0.086517	0.420493	9569.600586
6209.218652	0.086001	0.420493	9645.969727
6209.219633	0.086027	0.420493	9730.362305
6209.220678	0.085961	0.420493	9820.191406
6209.221585	0.085953	0.420493	9898.151367
6209.222445	0.086045	0.420493	9972.150391
6209.223521	0.086034	0.420493	10064.722656
6209.224506	0.085957	0.420493	10149.390625
6209.225384	0.085990	0.420493	10224.889648
6209.226387	0.086023	0.420493	10311.170898
6210.206142	1.031045	0.462505	440.256195
6210.207135	1.517054	0.462505	1946.691284
6210.208091	1.505691	0.462505	3386.131836
6210.209015	1.466693	0.462505	4741.356445
6210.209886	1.429794	0.462505	5986.707031
6210.210946	1.389305	0.462505	7459.370605
6210.211826	1.355808	0.462505	8652.481445
6210.212699	1.041870	0.462505	9562.034180
6210.213672	0.127024	0.462505	9685.628906
6210.214616	0.085774	0.462505	9766.599609
6210.215492	0.085891	0.462505	9841.839844
6210.216420	0.085983	0.462505	9921.631836
6210.217470	0.085953	0.462505	10011.882812
6210.218364	0.085961	0.462505	10088.731445
6210.219226	0.085884	0.462505	10162.763672
6210.220278	0.086001	0.462505	10253.236328
6210.221239	0.085928	0.462505	10335.812500
6210.222109	0.085906	0.462505	10410.550781
6211.270183	1.122532	0.428989	582.593994
6211.271132	1.523972	0.428989	2028.843628
6211.271994	1.507324	0.428989	3328.157227
6211.273046	1.463159	0.428989	4867.400879
6211.274076	1.421338	0.428989	6331.378906
6211.274958	1.386277	0.428989	7554.075195
6211.275923	1.350890	0.428989	8857.683594
6211.276975	0.625840	0.428989	9516.067383
6211.277901	0.088813	0.428989	9598.308594
6211.278762	0.085891	0.428989	9672.260742
6211.279815	0.085939	0.428989	9762.753906
6211.280824	0.085928	0.428989	9849.455078
6211.281695	0.085869	0.428989	9924.247070
6211.282652	0.086118	0.428989	10006.662109
6211.283718	0.086060	0.428989	10098.401367
6211.284629	0.086038	0.428989	10176.781250
6211.285495	0.085942	0.428989	10251.207031
6211.286559	0.086147	0.428989	10342.868164
6212.261820	1.024812	0.469417	434.520294
6212.262825	1.519493	0.469417	1961.611206
6212.263877	1.501930	0.469417	3541.641602
6212.264775	1.463218	0.469417	4855.611328
6212.265686	1.425593	0.469417	6154.326660
6212.266779	1.383325	0.469417	7666.301270
6212.267725	1.347726	0.469417	8941.250000
6212.268597	0.762250	0.469417	9605.931641
6212.269644	0.090179	0.469417	9700.349609
6212.270663	0.085880	0.469417	9787.861328
6212.271543	0.085928	0.469417	9863.477539
6212.272507	0.085950	0.469417	9946.333008
6212.273559	0.086005	0.469417	10036.809570
6212.274477	0.085880	0.469417	10115.647461
6212.275335	0.085931	0.469417	10189.376953
6212.276409	0.086060	0.469417	10281.804687
6212.277413	0.085961	0.469417	10368.109375
6212.278282	0.085822	0.469417	10442.688477
6213.327324	1.068245	0.465030	486.051270
6213.328200	1.517479	0.465030	1815.363037
6213.329065	1.511199	0.465030	3122.549805
6213.330179	1.466279	0.465030	4755.984863
6213.331113	1.427706	0.465030	6089.462402
6213.331994	1.392803	0.465030	7316.521484
6213.332972	1.356394	0.465030	8643.075195
6213.333993	0.867700	0.465030	9528.997070
6213.334879	0.101049	0.465030	9618.526367
6213.335740	0.085895	0.465030	9692.481445
6213.336831	0.085935	0.465030	9786.236328
6213.337742	0.085961	0.465030	9864.546875
6213.338607	0.085920	0.465030	9938.868164
6213.339573	0.086001	0.465030	10021.945312
6213.340591	0.085983	0.465030	10109.475586
6213.341462	0.085876	0.465030	10184.274414
6213.342325	0.085935	0.465030	10258.436523
6213.343368	0.085869	0.465030	10347.998047
6214.318520	1.033630	0.462887	436.192017
6214.319615	1.522156	0.462887	2102.952637
6214.320617	1.499344	0.462887	3605.295898
6214.321516	1.461456	0.462887	4919.145020
6214.322500	1.421587	0.462887	6317.986328
6214.323558	1.380245	0.462887	7778.286133
6214.324473	1.345693	0.462887	9009.595703
6214.325346	0.666075	0.462887	9591.080078
6214.326440	0.087883	0.462887	9687.224609
6214.327405	0.085833	0.462887	9770.052734
6214.328267	0.085942	0.462887	9844.134766
6214.329335	0.086030	0.462887	9936.014648
6214.330361	0.085983	0.462887	10024.232422
6214.331245	0.085997	0.462887	10100.253906
6214.332155	0.085979	0.462887	10178.495117
6214.333220	0.085964	0.462887	10270.046875
6214.334161	0.085887	0.462887	10350.867187
6214.335019	0.085880	0.462887	10424.552734
6215.384509	1.031232	0.508573	439.304687
6215.385446	1.514652	0.508573	1858.533691
6215.386511	1.503307	0.508573	3459.555664
6215.387452	1.463668	0.508573	4836.867187
6215.388315	1.427922	0.508573	6069.164062
6215.389363	1.387006	0.508573	7522.746094
6215.390378	1.348938	0.508573	8891.917969
6215.391271	0.805378	0.508573	9611.121094
6215.392251	0.097445	0.508573	9706.617187
6215.393291	0.086034	0.508573	9796.092773
6215.394205	0.086067	0.508573	9874.757812
6215.395061	0.085986	0.508573	9948.362305
6215.396099	0.086089	0.508573	10037.722656
6215.397107	0.085968	0.508573	10124.378906
6215.397992	0.085891	0.508573	10200.392578
6215.398968	0.086019	0.508573	10284.347656
6215.400025	0.085961	0.508573	10375.208008
6215.400933	0.085997	0.508573	10453.293945
6216.374714	1.022853	0.444285	431.643860
6216.375575	1.513579	0.444285	1734.835449
6216.376684	1.505709	0.444285	3404.666992
6216.377566	1.466990	0.444285	4698.551758
6216.378446	1.431193	0.444285	5958.000977
6216.379445	1.391825	0.444285	7348.434082
6216.380448	1.353461	0.444285	8705.955078
6216.381349	0.955463	0.444285	9566.827148
6216.382214	0.112793	0.444285	9664.392578
6216.383316	0.085957	0.444285	9759.117187
6216.384223	0.085891	0.444285	9837.020508
6216.385097	0.085818	0.444285	9912.025391
6216.386098	0.086093	0.444285	9998.204102
6216.387083	0.085909	0.444285	10082.825195
6216.387964	0.085873	0.444285	10158.479492
6216.388821	0.085946	0.444285	10232.134766
6216.389900	0.085920	0.444285	10324.842773
6216.390802	0.085953	0.444285	10402.373047
6217.440230	1.081077	0.515360	500.538483
6217.441127	1.518501	0.515360	1862.633789
6217.442015	1.510353	0.515360	3203.827148
6217.443029	1.468788	0.515360	4693.177734
6217.443964	1.429651	0.515360	6029.901367
6217.444884	1.393231	0.515360	7311.673828
6217.445750	1.359661	0.515360	8489.139648
6217.446798	0.969760	0.515360	9505.447266
6217.447691	0.112863	0.515360	9606.233398
6217.448569	0.085968	0.515360	9681.712891
6217.449519	0.086041	0.515360	9763.452148
6217.450479	0.085891	0.515360	9845.907227
6217.451384	0.085979	0.515360	9923.717773
6217.452267	0.085924	0.515360	9999.588867
6217.453306	0.085986	0.515360	10088.928711
6217.454198	0.085924	0.515360	10165.573242
6217.455073	0.086019	0.515360	10240.839844
6217.455944	0.085997	0.515360	10315.743164
6218.436614	1.096963	0.454009	537.511841
6218.437501	1.519988	0.454009	1885.741089
6218.438428	1.507709	0.454009	3283.387207
6218.439499	1.463068	0.454009	4850.332520
6218.440449	1.424561	0.454009	6203.665039
6218.441314	1.389763	0.454009	7405.810059
6218.442368	1.350725	0.454009	8829.474609
6218.443402	0.663911	0.454009	9515.958984
6218.444270	0.090985	0.454009	9594.933594
6218.445233	0.086012	0.454009	9677.762695
6218.446285	0.086023	0.454009	9768.258789
6218.447211	0.085950	0.454009	9847.848633
6218.448077	0.085950	0.454009	9922.281250
6218.449144	0.086060	0.454009	10014.106445
6218.450151	0.085876	0.454009	10100.583984
6218.451047	0.085873	0.454009	10177.526367
6218.452012	0.085972	0.454009	10260.489258
6218.453055	0.085975	0.454009	10350.161133
6219.493829	1.042603	0.491114	452.489502
6219.494693	1.514912	0.491114	1761.373535
6219.495769	1.505255	0.491114	3381.028076
6219.496759	1.463507	0.491114	4829.899902
6219.497655	1.427142	0.491114	6108.619141
6219.498656	1.387888	0.491114	7497.895508
6219.499711	1.348422	0.491114	8920.480469
6219.500609	0.748334	0.491114	9592.484375
6219.501465	0.095046	0.491114	9673.843750
6219.502566	0.086012	0.491114	9768.542969
6219.503521	0.085902	0.491114	9850.579102
6219.504393	0.085906	0.491114	9925.489258
6219.505406	0.086071	0.491114	10012.678711
6219.506446	0.085880	0.491114	10101.994141
6219.507314	0.086012	0.491114	10176.652344
6219.508183	0.085909	0.491114	10251.307617
6219.509281	0.085884	0.491114	10345.608398
6219.510252	0.085891	0.491114	10429.008789
6220.497353	1.038794	0.485732	451.875366
6220.498225	1.515183	0.485732	1773.114990
6220.499174	1.510115	0.485732	3206.213867
6220.500160	1.469128	0.485732	4654.774414
6220.501085	1.431171	0.485732	5978.607422
6220.501947	1.396271	0.485732	7182.192871
6220.502982	1.357822	0.485732	8587.539062
6220.503869	1.063231	0.485732	9530.625000
6220.504751	0.134447	0.485732	9649.207031
6220.505608	0.085895	0.485732	9722.819336
6220.506669	0.085975	0.485732	9814.039062
6220.507556	0.085935	0.485732	9890.263672
6220.508428	0.085964	0.485732	9965.224609
6220.509440	0.085986	0.485732	10052.243164
6220.510368	0.085851	0.485732	10131.913086
6220.511284	0.085895	0.485732	10210.592773
6220.512145	0.086045	0.485732	10284.677734
6220.513188	0.085997	0.485732	10374.373047
6221.550031	1.034865	0.488504	454.305542
6221.550895	1.515352	0.488504	1763.569214
6221.551916	1.506815	0.488504	3302.027588
6221.552983	1.463189	0.488504	4863.250000
6221.553861	1.426340	0.488504	6115.576660
6221.554801	1.389188	0.488504	7421.413574
6221.555874	1.348579	0.488504	8868.439453
6221.556828	0.711709	0.488504	9547.410156
6221.557693	0.092966	0.488504	9627.826172
6221.558718	0.086019	0.488504	9715.996094
6221.559736	0.085895	0.488504	9803.436523
6221.560623	0.085891	0.488504	9879.622070
6221.561575	0.085939	0.488504	9961.435547
6221.562643	0.086019	0.488504	10053.303711
6221.563565	0.085807	0.488504	10132.417969
6221.564424	0.085968	0.488504	10206.264648
6221.565478	0.085997	0.488504	10296.906250
6221.566469	0.085931	0.488504	10382.064453
6222.558247	1.103005	0.517483	590.107910
6222.559310	1.523983	0.517483	2210.102051
6222.560231	1.499224	0.517483	3590.886963
6222.561099	1.461163	0.517483	4859.176758
6222.562196	1.417712	0.517483	6414.407227
6222.563190	1.378824	0.517483	7784.958984
6222.564086	1.345653	0.517483	8990.664062
6222.565099	0.544699	0.517483	9542.443359
6222.566140	0.086916	0.517483	9632.923828
6222.567028	0.085979	0.517483	9709.273437
6222.567907	0.086052	0.517483	9784.913086
6222.568983	0.086027	0.517483	9877.477539
6222.569942	0.085902	0.517483	9959.857422
6222.570801	0.085891	0.517483	10033.637695
6222.571849	0.086085	0.517483	10123.855469
6222.572880	0.086012	0.517483	10212.534180
6222.573762	0.085961	0.517483	10288.351562
6222.574666	0.085994	0.517483	10366.089844
6223.604667	1.029683	0.515634	436.585449
6223.605741	1.521244	0.515634	2070.401367
6223.606669	1.503380	0.515634	3465.538086
6223.607538	1.466166	0.515634	4739.636230
6223.608509	1.426974	0.515634	6125.228027
6223.609543	1.385874	0.515634	7558.221680
6223.610440	1.351977	0.515634	8770.945312
6223.611314	0.917651	0.515634	9572.972656
6223.612383	0.094398	0.515634	9673.884766
6223.613312	0.085924	0.515634	9753.708008
6223.614192	0.085950	0.515634	9829.343750
6223.615146	0.086067	0.515634	9911.451172
6223.616173	0.085858	0.515634	9999.627930
6223.617059	0.086019	0.515634	10075.840820
6223.617920	0.085975	0.515634	10149.865234
6223.618973	0.086012	0.515634	10240.435547
6223.619908	0.085829	0.515634	10320.685547
6223.620785	0.086005	0.515634	10396.111328
6224.617396	1.023490	0.528775	428.842285
6224.618446	1.520248	0.528775	2025.102539
6224.619458	1.501088	0.528775	3544.203125
6224.620339	1.463361	0.528775	4833.423828
6224.621321	1.424429	0.528775	6232.212891
6224.622372	1.382651	0.528775	7685.379395
6224.623290	1.347898	0.528775	8922.750000
6224.624160	0.772954	0.528775	9595.219727
6224.625217	0.089985	0.528775	9690.333984
6224.626218	0.085862	0.528775	9776.281250
6224.627106	0.085869	0.528775	9852.533203
6224.628092	0.086019	0.528775	9937.348633
6224.629142	0.085997	0.528775	10027.645508
6224.630049	0.086023	0.528775	10105.667969
6224.630914	0.085854	0.528775	10179.931641
6224.632016	0.085979	0.528775	10274.680664
6224.632999	0.085994	0.528775	10359.212891
6224.633888	0.086045	0.528775	10435.707031
6225.660350	1.024845	0.535820	433.509430
6225.661340	1.516099	0.535820	1934.447021
6225.662406	1.501370	0.535820	3534.906982
6225.663307	1.462837	0.535820	4852.922852
6225.664168	1.425835	0.535820	6080.566895
6225.665279	1.384145	0.535820	7618.352539
6225.666253	1.347407	0.535820	8930.727539
6225.667118	0.776056	0.535820	9602.015625
6225.668196	0.089604	0.535820	9698.609375
6225.669232	0.085953	0.535820	9787.657227
6225.670124	0.086030	0.535820	9864.396484
6225.671049	0.085946	0.535820	9943.896484
6225.672116	0.086034	0.535820	10035.694336
6225.673060	0.085862	0.535820	10116.748047
6225.673926	0.085818	0.535820	10191.066406
6225.674965	0.086056	0.535820	10280.478516
6225.675995	0.085964	0.535820	10369.021484
6225.676893	0.085964	0.535820	10446.217773
6226.676179	1.042907	0.517632	456.793060
6226.677045	1.515329	0.517632	1769.068481
6226.678083	1.506541	0.517632	3332.857422
6226.679121	1.462939	0.517632	4851.388672
6226.680007	1.426128	0.517632	6114.937988
6226.680945	1.389272	0.517632	7418.075684
6226.682019	1.349041	0.517632	8866.945312
6226.682963	0.737032	0.517632	9562.704102
6226.683818	0.094098	0.517632	9643.158203
6226.684847	0.086038	0.517632	9731.690430
6226.685870	0.085873	0.517632	9819.538086
6226.686763	0.085880	0.517632	9896.229492
6226.687709	0.085997	0.517632	9977.583008
6226.688758	0.086052	0.517632	10067.851562
6226.689691	0.085865	0.517632	10147.963867
6226.690555	0.086023	0.517632	10222.288086
6226.691618	0.085939	0.517632	10313.640625
6226.692614	0.085924	0.517632	10399.220703
6227.717064	1.033707	0.539804	445.527832
6227.717932	1.514476	0.539804	1760.093262
6227.718985	1.506727	0.539804	3346.677246
6227.719865	1.468802	0.539804	4639.223633
6227.720728	1.433112	0.539804	5875.999023
6227.721740	1.392341	0.539804	7285.048340
6227.722730	1.355764	0.539804	8627.254883
6227.723606	1.050297	0.539804	9547.314453
6227.724474	0.132744	0.539804	9662.536133
6227.725580	0.085983	0.539804	9757.632812
6227.726481	0.085920	0.539804	9835.046875
6227.727342	0.085862	0.539804	9908.973633
6227.728425	0.086049	0.539804	10002.164062
6227.729403	0.086005	0.539804	10086.276367
6227.730281	0.086023	0.539804	10161.804687
6227.731147	0.085931	0.539804	10236.221680
6227.732243	0.085876	0.539804	10330.341797
6227.733129	0.085884	0.539804	10406.434570
6228.732869	1.030291	0.484870	440.964386
6228.733735	1.514026	0.484870	1752.110718
6228.734807	1.505325	0.484870	3365.818848
6228.735812	1.462914	0.484870	4836.047363
6228.736699	1.426736	0.484870	6101.562012
6228.737701	1.387647	0.484870	7491.983887
6228.738764	1.347975	0.484870	8924.880859
6228.739663	0.737750	0.484870	9588.118164
6228.740519	0.094475	0.484870	9668.989258
6228.741604	0.085994	0.484870	9762.291992
6228.742589	0.085950	0.484870	9846.952148
6228.743462	0.085800	0.484870	9921.855469
6228.744457	0.085968	0.484870	10007.393555
6228.745512	0.085939	0.484870	10098.058594
6228.746403	0.085990	0.484870	10174.675781
6228.747267	0.086005	0.484870	10248.983398
6228.748371	0.086060	0.484870	10343.993164
6228.749326	0.085778	0.484870	10425.911133
6229.774860	1.098450	0.520283	551.421753
6229.775821	1.523097	0.520283	2015.117920
6229.776699	1.506368	0.520283	3337.709473
6229.777731	1.463174	0.520283	4847.705078
6229.778781	1.420825	0.520283	6339.571289
6229.779667	1.385252	0.520283	7566.904297
6229.780568	1.350754	0.520283	8783.933594
6229.781643	0.663296	0.520283	9496.976562
6229.782590	0.089041	0.520283	9581.297852
6229.783448	0.085833	0.520283	9654.942383
6229.784479	0.085928	0.520283	9743.534180
6229.785513	0.085880	0.520283	9832.333984
6229.786391	0.085917	0.520283	9907.768555
6229.787313	0.085972	0.520283	9987.034180
6229.788369	0.085957	0.520283	10077.804687
6229.789310	0.085844	0.520283	10158.583008
6229.790177	0.085950	0.520283	10233.101562
6229.791199	0.086023	0.520283	10321.016602
6230.789561	1.024116	0.469369	431.152893
6230.790460	1.513810	0.469369	1792.067871
6230.791547	1.503592	0.469369	3426.472900
6230.792515	1.463057	0.469369	4842.711914
6230.793384	1.427109	0.469369	6082.870117
6230.794432	1.385925	0.469369	7535.319824
6230.795467	1.347283	0.469369	8929.757812
6230.796359	0.740808	0.469369	9590.558594
6230.797323	0.094160	0.469369	9681.329102
6230.798359	0.085935	0.469369	9770.357422
6230.799289	0.085961	0.469369	9850.300781
6230.800149	0.085983	0.469369	9924.246094
6230.801216	0.086100	0.469369	10016.114258
6230.802223	0.086008	0.469369	10102.724609
6230.803092	0.085983	0.469369	10177.443359
6230.804059	0.086071	0.469369	10260.673828
6230.805114	0.086038	0.469369	10351.443359
6230.806020	0.085968	0.469369	10429.330078
6231.833525	1.021476	0.507404	427.998352
6231.834526	1.516597	0.507404	1946.111572
6231.835531	1.502787	0.507404	3456.412354
6231.836424	1.465063	0.507404	4764.713867
6231.837288	1.428285	0.507404	5998.751953
6231.838380	1.386896	0.507404	7513.242187
6231.839292	1.352168	0.507404	8746.418945
6231.840169	0.951647	0.507404	9581.012695
6231.841184	0.108995	0.507404	9691.642578
6231.842184	0.085844	0.507404	9777.486328
6231.843054	0.085836	0.507404	9852.164062
6231.843920	0.085979	0.507404	9926.622070
6231.844979	0.086144	0.507404	10017.848633
6231.845903	0.085880	0.507404	10097.202148
6231.846779	0.085898	0.507404	10172.449219
6231.847741	0.086012	0.507404	10255.192383
6231.848762	0.085920	0.507404	10342.916992
6231.849652	0.086067	0.507404	10419.516602
6232.847421	1.155048	0.485398	639.896423
6232.848478	1.524170	0.485398	2250.944092
6232.849373	1.499795	0.485398	3593.260742
6232.850288	1.460350	0.485398	4929.481445
6232.851365	1.417075	0.485398	6455.671387
6232.852316	1.380092	0.485398	7768.138672
6232.853184	1.347246	0.485398	8937.547852
6232.854230	0.561757	0.485398	9525.145508
6232.855260	0.086865	0.485398	9614.617187
6232.856153	0.085898	0.485398	9691.324219
6232.857111	0.085968	0.485398	9773.681641
6232.858148	0.085935	0.485398	9862.795898
6232.859071	0.085884	0.485398	9942.066406
6232.859929	0.086008	0.485398	10015.861328
6232.860994	0.086078	0.485398	10107.534180
6232.862005	0.085950	0.485398	10194.429687
6232.862879	0.085983	0.485398	10269.578125
6232.863857	0.086078	0.485398	10353.762695
6233.891342	1.102423	0.504899	555.621216
6233.892267	1.521749	0.504899	1963.239258
6233.893134	1.507584	0.504899	3270.314941
6233.894207	1.462698	0.504899	4839.789551
6233.895225	1.421532	0.504899	6286.909180
6233.896113	1.386394	0.504899	7518.027344
6233.897085	1.350557	0.504899	8830.768555
6233.898143	0.633893	0.504899	9501.426758
6233.899055	0.089154	0.504899	9582.735352
6233.899915	0.085983	0.504899	9656.680664
6233.900993	0.086045	0.504899	9749.437500
6233.901985	0.086041	0.504899	9834.790039
6233.902859	0.086005	0.504899	9909.958008
6233.903839	0.086041	0.504899	9994.278320
6233.904882	0.085950	0.504899	10083.923828
6233.905778	0.085913	0.504899	10160.902344
6233.906634	0.085939	0.504899	10234.465820
6233.907700	0.086038	0.504899	10326.181641
6234.904605	1.111842	0.506675	565.927612
6234.905532	1.522097	0.506675	1976.911621
6234.906395	1.507240	0.506675	3277.659668
6234.907466	1.462844	0.506675	4844.365723
6234.908491	1.421096	0.506675	6300.989258
6234.909374	1.386174	0.506675	7524.981445
6234.910362	1.349641	0.506675	8858.426758
6234.911422	0.611342	0.506675	9506.449219
6234.912312	0.088912	0.506675	9585.581055
6234.913181	0.085935	0.506675	9660.258789
6234.914243	0.086115	0.506675	9751.711914
6234.915241	0.086005	0.506675	9837.544922
6234.916133	0.085972	0.506675	9914.231445
6234.917122	0.085961	0.506675	9999.246094
6234.918169	0.085968	0.506675	10089.254883
6234.919072	0.085983	0.506675	10166.897461
6234.919934	0.086049	0.506675	10241.071289
6234.921046	0.086041	0.506675	10336.749023
6235.950006	1.027251	0.518325	433.499878
6235.951049	1.520332	0.518325	2019.206177
6235.952013	1.502648	0.518325	3467.758789
6235.952891	1.465367	0.518325	4754.351562
6235.953828	1.427146	0.518325	6091.587402
6235.954886	1.385779	0.518325	7557.741211
6235.955787	1.351699	0.518325	8775.622070
6235.956656	0.932516	0.518325	9585.978516
6235.957702	0.096771	0.518325	9687.201172
6235.958652	0.085902	0.518325	9768.808594
6235.959531	0.085887	0.518325	9844.303711
6235.960446	0.086045	0.518325	9923.035156
6235.961516	0.086023	0.518325	10015.080078
6235.962391	0.086038	0.518325	10090.363281
6235.963246	0.086001	0.518325	10163.894531
6235.964263	0.086129	0.518325	10251.488281
6235.965245	0.086005	0.518325	10335.945312
6235.966120	0.085913	0.518325	10411.119141
6236.962245	1.033854	0.527328	443.523254
6236.963126	1.513795	0.527328	1777.176758
6236.964223	1.503329	0.527328	3426.328613
6236.965183	1.463218	0.527328	4831.017578
6236.966055	1.427336	0.527328	6075.654785
6236.967086	1.387137	0.527328	7505.793457
6236.968125	1.348066	0.527328	8906.434570
6236.969020	0.766941	0.527328	9592.846680
6236.969956	0.095332	0.527328	9682.077148
6236.971024	0.085983	0.527328	9773.906250
6236.971951	0.085950	0.527328	9853.582031
6236.972820	0.085942	0.527328	9928.265625
6236.973851	0.086122	0.527328	10017.057617
6236.974867	0.085961	0.527328	10104.393555
6236.975752	0.085909	0.527328	10180.423828
6236.976706	0.086056	0.527328	10262.521484
6236.977751	0.085942	0.527328	10352.331055
6236.978688	0.085876	0.527328	10432.796875
6238.008272	1.060913	0.528738	471.045410
6238.009157	1.516835	0.528738	1813.444092
6238.010173	1.506075	0.528738	3343.616699
6238.011221	1.462661	0.528738	4876.485352
6238.012118	1.425234	0.528738	6154.920898
6238.012989	1.389229	0.528738	7364.938965
6238.014102	1.349249	0.528738	8866.653320
6238.015072	0.716715	0.528738	9561.867187
6238.015931	0.093303	0.528738	9642.014648
6238.016962	0.086074	0.528738	9730.756836
6238.017987	0.086023	0.528738	9818.930664
6238.018863	0.085953	0.528738	9894.225586
6238.019755	0.086027	0.528738	9970.960937
6238.020832	0.086056	0.528738	10063.643555
6238.021785	0.086023	0.528738	10145.623047
6238.022652	0.086005	0.528738	10220.189453
6238.023663	0.085994	0.528738	10307.128906
6238.024703	0.086063	0.528738	10396.634766
6239.018439	1.037878	0.540916	453.552856
6239.019309	1.515099	0.540916	1771.688965
6239.020365	1.505017	0.540916	3360.986816
6239.021384	1.462057	0.540916	4850.822754
6239.022279	1.425787	0.540916	6126.902344
6239.023250	1.387797	0.540916	7474.453125
6239.024321	1.347444	0.540916	8917.565430
6239.025244	0.706685	0.540916	9569.834961
6239.026103	0.093029	0.540916	9649.746094
6239.027187	0.086104	0.540916	9743.082031
6239.028175	0.086067	0.540916	9828.116211
6239.029070	0.085986	0.540916	9905.074219
6239.030051	0.086085	0.540916	9989.523437
6239.031100	0.086023	0.540916	10079.761719
6239.032001	0.086019	0.540916	10157.264648
6239.032861	0.085917	0.540916	10231.153320
6239.033957	0.086158	0.540916	10325.583008
6239.034922	0.086030	0.540916	10408.602539
6240.064973	1.037985	0.545162	457.751221
6240.065844	1.515425	0.545162	1777.686279
6240.066793	1.509639	0.545162	3210.333496
6240.067823	1.466569	0.545162	4720.899414
6240.068712	1.429962	0.545162	5992.135742
6240.069577	1.395073	0.545162	7198.874023
6240.070643	1.355475	0.545162	8643.810547
6240.071587	0.960201	0.545162	9550.240234
6240.072449	0.113998	0.545162	9648.505859
6240.073378	0.085913	0.545162	9728.319336
6240.074443	0.085950	0.545162	9819.855469
6240.075333	0.085917	0.545162	9896.321289
6240.076199	0.085928	0.545162	9970.734375
6240.077223	0.086100	0.545162	10058.900391
6240.078190	0.085983	0.545162	10142.045898
6240.079061	0.085829	0.545162	10216.802734
6240.079925	0.086041	0.545162	10291.142578
6240.081016	0.086052	0.545162	10385.025391
6241.077290	1.123220	0.552107	587.444153
6241.078223	1.522661	0.552107	2008.086914
6241.079085	1.506405	0.552107	3306.607910
6241.080151	1.462035	0.552107	4865.137207
6241.081186	1.420177	0.552107	6335.020508
6241.082061	1.385361	0.552107	7547.211914
6241.083018	1.349645	0.552107	8838.822266
6241.084088	0.604043	0.552107	9485.148437
6241.085011	0.088418	0.552107	9566.757812
6241.085877	0.086041	0.552107	9641.269531
6241.086959	0.086144	0.552107	9734.477539
6241.087953	0.086078	0.552107	9820.039062
6241.088837	0.085953	0.552107	9896.021484
6241.089816	0.086177	0.552107	9980.388672
6241.090857	0.086122	0.552107	10070.041016
6241.091755	0.086034	0.552107	10147.299805
6241.092618	0.086125	0.552107	10221.625977
6241.093714	0.086023	0.552107	10315.907227
6242.121672	1.050597	0.558157	461.212006
6242.122542	1.514861	0.558157	1779.140991
6242.123639	1.503109	0.558157	3428.051758
6242.124615	1.462390	0.558157	4855.344727
6242.125494	1.426212	0.558157	6108.985352
6242.126566	1.384318	0.558157	7592.973633
6242.127601	1.345734	0.558157	8985.807617
6242.128494	0.680273	0.558157	9593.291992
6242.129422	0.092106	0.558157	9678.765625
6242.130474	0.086034	0.558157	9769.273437
6242.131418	0.085884	0.558157	9850.347656
6242.132278	0.086001	0.558157	9924.308594
6242.133317	0.086067	0.558157	10013.732422
6242.134336	0.085997	0.558157	10101.363281
6242.135218	0.085811	0.558157	10177.047852
6242.136167	0.085994	0.558157	10258.656250
6242.137225	0.086019	0.558157	10349.665039
6242.138148	0.086016	0.558157	10429.057617
6243.134936	1.060466	0.558044	472.967957
6243.135800	1.515267	0.558044	1782.158936
6243.136915	1.502688	0.558044	3457.656006
6243.137880	1.461973	0.558044	4868.459473
6243.138742	1.426234	0.558044	6097.873047
6243.139776	1.385610	0.558044	7530.594238
6243.140838	1.346660	0.558044	8960.747070
6243.141716	0.719242	0.558044	9592.241211
6243.142657	0.093318	0.558044	9680.053711
6243.143717	0.086019	0.558044	9771.234375
6243.144654	0.085968	0.558044	9851.786133
6243.145521	0.085939	0.558044	9926.294922
6243.146567	0.086005	0.558044	10016.255859
6243.147593	0.085935	0.558044	10104.424805
6243.148495	0.085840	0.558044	10181.852539
6243.149450	0.086034	0.558044	10264.014648
6243.150494	0.086016	0.558044	10353.815430
6243.151425	0.085836	0.558044	10433.728516
6244.178365	1.028441	0.571837	437.087494
6244.179235	1.514304	0.571837	1754.532227
6244.180197	1.509620	0.571837	3206.787109
6244.181166	1.468619	0.571837	4629.879395
6244.182089	1.430933	0.571837	5950.630371
6244.182956	1.395963	0.571837	7160.930176
6244.184003	1.357474	0.571837	8582.206055
6244.184890	1.077711	0.571837	9538.135742
6244.185762	0.138431	0.571837	9658.847656
6244.186647	0.085928	0.571837	9734.893555
6244.187680	0.085909	0.571837	9823.637695
6244.188574	0.086027	0.571837	9900.545898
6244.189452	0.086027	0.571837	9976.077148
6244.190436	0.085975	0.571837	10060.676758
6244.191367	0.086027	0.571837	10140.767578
6244.192286	0.086027	0.571837	10219.826172
6244.193147	0.086027	0.571837	10293.895508
6244.194174	0.086016	0.571837	10382.233398
6245.193758	1.112615	0.564429	568.546143
6245.194661	1.521200	0.564429	1942.189697
6245.195524	1.506888	0.564429	3242.634277
6245.196641	1.461793	0.564429	4875.457031
6245.197602	1.421814	0.564429	6241.820312
6245.198477	1.387639	0.564429	7456.004883
6245.199490	1.350461	0.564429	8824.022461
6245.200549	0.647278	0.564429	9509.489258
6245.201423	0.090121	0.564429	9588.254883
6245.202311	0.085983	0.564429	9664.607422
6245.203411	0.086202	0.564429	9759.429687
6245.204375	0.085935	0.564429	9842.271484
6245.205240	0.085935	0.564429	9916.605469
6245.206261	0.086096	0.564429	10004.509766
6245.207303	0.086082	0.564429	10094.207031
6245.208191	0.086144	0.564429	10170.703125
6245.209124	0.086016	0.564429	10250.956055
6245.210198	0.086019	0.564429	10343.340820
6246.235642	1.063041	0.584333	517.700867
6246.236709	1.522434	0.584333	2142.138184
6246.237658	1.499425	0.584333	3565.092529
6246.238529	1.462159	0.584333	4838.633301
6246.239582	1.419639	0.584333	6333.512695
6246.240610	1.379586	0.584333	7751.727051
6246.241498	1.346188	0.584333	8947.141602
6246.242483	0.645407	0.584333	9582.867187
6246.243524	0.087583	0.584333	9674.041016
6246.244444	0.085990	0.584333	9753.151367
6246.245300	0.086063	0.584333	9826.821289
6246.246367	0.086254	0.584333	9918.853516
6246.247366	0.086045	0.584333	10004.812500
6246.248237	0.086012	0.584333	10079.728516
6246.249207	0.086155	0.584333	10163.298828
6246.250267	0.086060	0.584333	10254.521484
6246.251176	0.085968	0.584333	10332.666016
6246.252045	0.086078	0.584333	10407.467773
6247.250885	1.035223	0.564413	452.392609
6247.251752	1.514531	0.564413	1765.491211
6247.252796	1.505321	0.564413	3337.046387
6247.253836	1.461720	0.564413	4857.235352
6247.254736	1.425088	0.564413	6139.814453
6247.255699	1.387573	0.564413	7476.047363
6247.256754	1.347634	0.564413	8897.801758
6247.257693	0.704586	0.564413	9559.408203
6247.258554	0.092919	0.564413	9639.411133
6247.259630	0.086016	0.564413	9731.963867
6247.260616	0.085975	0.564413	9816.735352
6247.261506	0.086016	0.564413	9893.289062
6247.262489	0.086016	0.564413	9977.842773
6247.263545	0.086074	0.564413	10068.737305
6247.264440	0.086089	0.564413	10145.787109
6247.265296	0.086041	0.564413	10219.438477
6247.266389	0.086107	0.564413	10313.553711
6247.267380	0.085961	0.564413	10398.741211
6248.291775	1.029232	0.591423	438.452881
6248.292638	1.513381	0.591423	1744.500977
6248.293703	1.505281	0.591423	3347.625000
6248.294603	1.467220	0.591423	4668.123535
6248.295483	1.431185	0.591423	5927.566406
6248.296441	1.393564	0.591423	7262.601074
6248.297424	1.356116	0.591423	8595.663086
6248.298357	1.017502	0.591423	9544.993164
6248.299220	0.124830	0.591423	9652.721680
6248.300274	0.085833	0.591423	9743.189453
6248.301156	0.085880	0.591423	9818.935547
6248.302028	0.086016	0.591423	9893.941406
6248.302931	0.086001	0.591423	9971.600586
6248.303943	0.085928	0.591423	10058.559570
6248.304831	0.085950	0.591423	10134.882812
6248.305701	0.085997	0.591423	10209.700195
6248.306697	0.086052	0.591423	10295.408203
6248.307621	0.085964	0.591423	10374.838867
6249.310211	1.094597	0.565033	531.974182
6249.311097	1.519189	0.565033	1877.976074
6249.312033	1.507024	0.565033	3288.550293
6249.313096	1.462277	0.565033	4842.950195
6249.314045	1.423645	0.565033	6193.989258
6249.314913	1.388965	0.565033	7399.610840
6249.315969	1.349506	0.565033	8824.688477
6249.316986	0.672286	0.565033	9508.403320
6249.317865	0.091322	0.565033	9588.675781
6249.318844	0.085997	0.565033	9672.867187
6249.319887	0.086045	0.565033	9762.612305
6249.320808	0.085895	0.565033	9841.721680
6249.321664	0.085994	0.565033	9915.332031
6249.322720	0.086096	0.565033	10006.250000
6249.323718	0.085975	0.565033	10092.053711
6249.324589	0.085950	0.565033	10166.916016
6249.325558	0.086111	0.565033	10250.357422
6249.326609	0.086074	0.565033	10340.821289
6250.348518	1.053710	0.590069	495.243530
6250.349603	1.521903	0.590069	2146.508301
6250.350549	1.499491	0.590069	3565.026855
6250.351411	1.462482	0.590069	4825.686035
6250.352433	1.420679	0.590069	6277.619629
6250.353470	1.380337	0.590069	7709.028809
6250.354368	1.346664	0.590069	8918.333008
6250.355323	0.689491	0.590069	9576.796875
6250.356392	0.087792	0.590069	9670.646484
6250.357322	0.085909	0.590069	9750.541992
6250.358189	0.085950	0.590069	9825.060547
6250.359257	0.086071	0.590069	9916.984375
6250.360271	0.085972	0.590069	10004.159180
6250.361157	0.085898	0.590069	10080.265625
6250.362109	0.086085	0.590069	10162.218750
6250.363169	0.086056	0.590069	10253.438477
6250.364089	0.085957	0.590069	10332.518555
6250.364951	0.085990	0.590069	10406.641602
6251.367870	1.023754	0.565553	433.047791
6251.368735	1.513195	0.565553	1741.961182
6251.369861	1.503237	0.565553	3434.606445
6251.370771	1.464419	0.565553	4767.227539
6251.371638	1.428790	0.565553	6005.988770
6251.372737	1.385574	0.565553	7528.734375
6251.373717	1.349015	0.565553	8850.768555
6251.374601	0.830969	0.565553	9585.345703
6251.375478	0.099910	0.565553	9672.966797
6251.376583	0.085942	0.565553	9767.933594
6251.377466	0.085818	0.565553	9843.710937
6251.378323	0.085847	0.565553	9917.282227
6251.379385	0.086008	0.565553	10008.623047
6251.380343	0.085851	0.565553	10090.868164
6251.381221	0.085924	0.565553	10166.309570
6251.382078	0.085964	0.565553	10239.981445
6251.383186	0.085920	0.565553	10335.181641
6251.384099	0.085869	0.565553	10413.580078
6252.405297	1.108143	0.587640	602.829956
6252.406365	1.523046	0.587640	2229.442871
6252.407272	1.498601	0.587640	3588.674072
6252.408134	1.460127	0.587640	4847.303711
6252.409226	1.416881	0.587640	6394.538086
6252.410208	1.378634	0.587640	7748.356445
6252.411095	1.345792	0.587640	8942.074219
6252.412101	0.581968	0.587640	9527.534180
6252.413166	0.086799	0.587640	9619.975586
6252.414051	0.085990	0.587640	9696.077148
6252.414943	0.086034	0.587640	9772.819336
6252.416023	0.086052	0.587640	9865.755859
6252.416977	0.085887	0.587640	9947.692383
6252.417845	0.085913	0.587640	10022.264648
6252.418872	0.085975	0.587640	10110.561523
6252.419908	0.085957	0.587640	10199.613281
6252.420803	0.085975	0.587640	10276.561523
6252.421737	0.086012	0.587640	10356.896484
6253.425218	1.124813	0.569747	629.895386
6253.426275	1.523346	0.569747	2240.072021
6253.427174	1.498630	0.569747	3587.340820
6253.428035	1.460764	0.569747	4845.058594
6253.429133	1.417819	0.569747	6401.823242
6253.430130	1.378502	0.569747	7776.189941
6253.431010	1.345444	0.569747	8960.180664
6253.432018	0.570696	0.569747	9535.442383
6253.433075	0.086964	0.569747	9627.363281
6253.433945	0.085928	0.569747	9702.120117
6253.434822	0.085994	0.569747	9777.536133
6253.435916	0.086041	0.569747	9871.665039
6253.436871	0.085997	0.569747	9953.792969
6253.437737	0.085924	0.569747	10028.203125
6253.438758	0.086016	0.569747	10116.025391
6253.439797	0.085946	0.569747	10205.323242
6253.440688	0.085968	0.569747	10281.920898
6253.441603	0.086005	0.569747	10360.615234
6254.462513	1.134163	0.588511	602.240295
6254.463466	1.522932	0.588511	2053.594727
6254.464343	1.504559	0.588511	3373.093262
6254.465274	1.465415	0.588511	4737.394531
6254.466332	1.422689	0.588511	6242.599609
6254.467220	1.387189	0.588511	7474.423340
6254.468133	1.352509	0.588511	8709.263672
6254.469216	0.713005	0.588511	9481.448242
6254.470154	0.090483	0.588511	9566.321289
6254.471012	0.085917	0.588511	9640.038086
6254.472045	0.086049	0.588511	9728.925781
6254.473078	0.086005	0.588511	9817.768555
6254.473956	0.086030	0.588511	9893.302734
6254.474874	0.086001	0.588511	9972.251953
6254.475923	0.085975	0.588511	10062.440430
6254.476852	0.085968	0.588511	10142.304687
6254.477716	0.086016	0.588511	10216.622070
6254.478743	0.085986	0.588511	10304.929687
6255.480764	1.026193	0.584728	435.105652
6255.481773	1.516165	0.584728	1964.915771
6255.482836	1.500201	0.584728	3559.629883
6255.483723	1.461782	0.584728	4856.230469
6255.484593	1.424634	0.584728	6095.662109
6255.485698	1.383076	0.584728	7623.961426
6255.486662	1.347001	0.584728	8922.469727
6255.487532	0.774855	0.584728	9596.593750
6255.488569	0.090740	0.584728	9690.690430
6255.489623	0.085854	0.584728	9781.180664
6255.490496	0.085902	0.584728	9856.172852
6255.491431	0.086001	0.584728	9936.583984
6255.492498	0.085935	0.584728	10028.276367
6255.493438	0.085898	0.584728	10109.020508
6255.494301	0.086027	0.584728	10183.261719
6255.495344	0.086078	0.584728	10273.041016
6255.496365	0.085913	0.584728	10360.757812
6255.497255	0.085986	0.584728	10437.285156
6256.521142	1.046023	0.589977	439.329620
6256.522259	1.521698	0.589977	2139.066406
6256.523221	1.499051	0.589977	3581.153809
6256.524092	1.462200	0.589977	4854.729492
6256.525119	1.420236	0.589977	6313.311523
6256.526174	1.379447	0.589977	7768.627930
6256.527071	1.345572	0.589977	8975.606445
6256.528024	0.665724	0.589977	9610.041016
6256.529079	0.087535	0.589977	9702.390625
6256.530023	0.085880	0.589977	9783.461914
6256.530883	0.085844	0.589977	9857.287109
6256.531954	0.086012	0.589977	9949.406250
6256.532955	0.085814	0.589977	10035.306641
6256.533840	0.085942	0.589977	10111.365234
6256.534803	0.086082	0.589977	10194.261719
6256.535832	0.085939	0.589977	10282.692383
6256.536750	0.085957	0.589977	10361.600586
6256.537608	0.085957	0.589977	10435.351562
6257.536020	1.104331	0.600934	555.478516
6257.536903	1.519614	0.600934	1897.297852
6257.537774	1.508624	0.600934	3211.309570
6257.538790	1.465858	0.600934	4700.621582
6257.539765	1.426348	0.600934	6091.310547
6257.540647	1.391162	0.600934	7318.315430
6257.541541	1.356299	0.600934	8530.846680
6257.542646	0.862573	0.600934	9483.990234
6257.543528	0.100844	0.600934	9572.934570
6257.544390	0.085869	0.600934	9646.954102
6257.545443	0.086001	0.600934	9737.512695
6257.546421	0.085876	0.600934	9821.500000
6257.547289	0.085950	0.600934	9896.104492
6257.548143	0.086067	0.600934	9969.605469
6257.549256	0.085983	0.600934	10065.303711
6257.550135	0.085869	0.600934	10140.782227
6257.551004	0.085972	0.600934	10215.491211
6257.552070	0.086140	0.600934	10307.316406
6258.579446	1.098464	0.595882	519.573669
6258.580326	1.518124	0.595882	1855.522461
6258.581316	1.505702	0.595882	3346.167480
6258.582353	1.462006	0.595882	4862.267578
6258.583264	1.424480	0.595882	6159.968750
6258.584127	1.389287	0.595882	7358.923828
6258.585211	1.349817	0.595882	8822.125000
6258.586216	0.701836	0.595882	9527.469727
6258.587088	0.092267	0.595882	9607.926758
6258.588066	0.085887	0.595882	9691.924805
6258.589127	0.086008	0.595882	9783.179687
6258.590017	0.085950	0.595882	9859.674805
6258.590878	0.085968	0.595882	9933.693359
6258.591970	0.086063	0.595882	10027.674805
6258.592959	0.085829	0.595882	10112.559570
6258.593823	0.086012	0.595882	10186.874023
6258.594890	0.086067	0.595882	10278.707031
6258.595925	0.086008	0.595882	10367.725586
6259.591195	1.093488	0.619980	563.146057
6259.592252	1.522819	0.619980	2172.765381
6259.593180	1.498843	0.619980	3563.691406
6259.594047	1.460870	0.619980	4830.266113
6259.595150	1.417808	0.619980	6394.107910
6259.596132	1.379033	0.619980	7748.318359
6259.597023	1.345975	0.619980	8947.582031
6259.598036	0.590643	0.619980	9545.903320
6259.599089	0.087136	0.619980	9637.658203
6259.599967	0.086074	0.619980	9713.231445
6259.600829	0.086067	0.619980	9787.420898
6259.601914	0.086078	0.619980	9880.815430
6259.602887	0.085913	0.619980	9964.409180
6259.603745	0.086030	0.619980	10038.223633
6259.604808	0.086217	0.619980	10129.872070
6259.605849	0.086019	0.619980	10219.417969
6259.606718	0.085887	0.619980	10294.053711
6259.607636	0.086115	0.619980	10373.106445
6260.639205	1.074346	0.611895	498.496399
6260.640086	1.517197	0.611895	1835.147217
6260.641063	1.506632	0.611895	3307.126709
6260.642123	1.462028	0.611895	4856.875977
6260.643044	1.424136	0.611895	6168.504883
6260.643916	1.388906	0.611895	7379.630859
6260.645002	1.349311	0.611895	8844.983398
6260.646000	0.676978	0.611895	9520.607422
6260.646874	0.091630	0.611895	9600.691406
6260.647882	0.085990	0.611895	9687.369141
6260.648932	0.085994	0.611895	9777.662109
6260.649825	0.085950	0.611895	9854.415039
6260.650683	0.085986	0.611895	9928.191406
6260.651774	0.086078	0.611895	10022.102539
6260.652721	0.086019	0.611895	10103.562500
6260.653597	0.086012	0.611895	10178.909180
6260.654586	0.086169	0.611895	10264.130859
6260.655656	0.085994	0.611895	10356.144531
6261.647283	1.043613	0.619843	437.273987
6261.648398	1.521163	0.619843	2133.371094
6261.649357	1.499597	0.619843	3571.484863
6261.650220	1.462680	0.619843	4833.777344
6261.651271	1.419635	0.619843	6325.813965
6261.652330	1.378770	0.619843	7785.930664
6261.653221	1.345020	0.619843	8984.342773
6261.654140	0.664303	0.619843	9594.836914
6261.655021	0.090806	0.619843	9674.836914
6261.655991	0.086008	0.619843	9758.264648
6261.656911	0.086001	0.619843	9837.385742
6261.657828	0.085939	0.619843	9916.191406
6261.658688	0.085983	0.619843	9990.136719
6261.659683	0.086008	0.619843	10075.714844
6261.660602	0.085931	0.619843	10154.685547
6261.661463	0.086027	0.619843	10228.754883
6261.662474	0.085924	0.619843	10315.624023
6261.663346	0.085902	0.619843	10390.530273
6262.699478	1.052662	0.630212	467.382080
6262.700347	1.514868	0.630212	1783.802490
6262.701439	1.502728	0.630212	3424.781738
6262.702453	1.459871	0.630212	4905.090332
6262.703335	1.423960	0.630212	6161.022949
6262.704309	1.385482	0.630212	7510.482422
6262.705376	1.346375	0.630212	8947.064453
6262.706266	0.709369	0.630212	9578.402344
6262.707131	0.093007	0.630212	9658.853516
6262.708221	0.086052	0.630212	9752.650391
6262.709184	0.085884	0.630212	9835.356445
6262.710065	0.085913	0.630212	9911.045898
6262.711058	0.086155	0.630212	9996.597656
6262.712099	0.086005	0.630212	10086.128906
6262.712989	0.085953	0.630212	10162.626953
6262.713860	0.086085	0.630212	10237.607422
6262.714966	0.086078	0.630212	10332.809570
6262.715928	0.085957	0.630212	10415.500000
6263.702978	1.026965	0.605699	435.433319
6263.703911	1.513451	0.605699	1847.483032
6263.704985	1.501798	0.605699	3460.414062
6263.705926	1.462017	0.605699	4836.171875
6263.706792	1.426403	0.605699	6071.436523
6263.707825	1.385449	0.605699	7502.605469
6263.708849	1.347426	0.605699	8882.369141
6263.709745	0.773412	0.605699	9575.345703
6263.710714	0.095328	0.605699	9667.718750
6263.711763	0.086016	0.605699	9757.949219
6263.712691	0.086067	0.605699	9837.819336
6263.713559	0.085968	0.605699	9912.439453
6263.714627	0.086056	0.605699	10004.346680
6263.715623	0.085994	0.605699	10089.996094
6263.716514	0.086001	0.605699	10166.623047
6263.717491	0.086041	0.605699	10250.685547
6263.718531	0.085898	0.605699	10340.019531
6263.719440	0.085909	0.605699	10418.111328
6264.757808	1.111051	0.636359	602.189697
6264.758825	1.523760	0.636359	2151.853516
6264.759722	1.500546	0.636359	3497.842773
6264.760595	1.462438	0.636359	4774.550781
6264.761689	1.419181	0.636359	6327.134766
6264.762615	1.382699	0.636359	7607.514160
6264.763499	1.349755	0.636359	8800.697266
6264.764495	0.733824	0.636359	9531.586914
6264.765500	0.089095	0.636359	9621.127930
6264.766381	0.085876	0.636359	9696.785156
6264.767243	0.086045	0.636359	9770.956055
6264.768312	0.086082	0.636359	9862.977539
6264.769227	0.086001	0.636359	9941.667969
6264.770100	0.085975	0.636359	10016.724609
6264.771077	0.086078	0.636359	10100.822266
6264.772094	0.085844	0.636359	10188.125000
6264.772969	0.085968	0.636359	10263.346680
6264.773829	0.086063	0.636359	10337.361328
6265.759172	1.036545	0.586887	447.787598
6265.760041	1.514008	0.586887	1763.460205
6265.761131	1.502948	0.586887	3401.673584
6265.762137	1.460592	0.586887	4871.029297
6265.763038	1.424106	0.586887	6154.149414
6265.764013	1.386130	0.586887	7505.626465
6265.765073	1.346583	0.586887	8933.004883
6265.765979	0.710127	0.586887	9576.379883
6265.766839	0.093146	0.586887	9656.485352
6265.767947	0.086052	0.586887	9751.831055
6265.768916	0.085917	0.586887	9835.083984
6265.769783	0.085880	0.586887	9909.541992
6265.770865	0.086093	0.586887	10002.694336
6265.771899	0.085983	0.586887	10091.600586
6265.772787	0.086016	0.586887	10167.982422
6265.773707	0.086074	0.586887	10247.170898
6265.774774	0.085961	0.586887	10338.890625
6265.775713	0.085964	0.586887	10419.611328
6266.815435	1.048000	0.615166	460.072205
6266.816308	1.514894	0.615166	1782.574463
6266.817305	1.506145	0.615166	3284.201172
6266.818377	1.462324	0.615166	4851.812500
6266.819265	1.424974	0.615166	6117.189453
6266.820136	1.389020	0.615166	7327.025879
6266.821250	1.348641	0.615166	8829.412109
6266.822224	0.730342	0.615166	9540.764648
6266.823088	0.093391	0.615166	9621.454102
6266.824104	0.085909	0.615166	9708.738281
6266.825139	0.085847	0.615166	9797.589844
6266.826030	0.085862	0.615166	9874.092773
6266.826958	0.085950	0.615166	9953.854492
6266.828026	0.085990	0.615166	10045.691406
6266.828969	0.085822	0.615166	10126.621094
6266.829835	0.085884	0.615166	10200.996094
6266.830885	0.085997	0.615166	10291.292969
6266.831891	0.085902	0.615166	10377.710937
6267.816992	1.079015	0.584265	567.561829
6267.818055	1.522222	0.584265	2185.683594
6267.818965	1.498780	0.584265	3549.573730
6267.819837	1.461141	0.584265	4823.688965
6267.820907	1.417954	0.584265	6340.899902
6267.821905	1.379044	0.584265	7717.186035
6267.822797	1.346023	0.584265	8917.838867
6267.823789	0.617692	0.584265	9530.588867
6267.824839	0.087228	0.584265	9622.177734
6267.825741	0.085909	0.584265	9699.667969
6267.826604	0.085924	0.584265	9773.820312
6267.827706	0.086001	0.584265	9868.593750
6267.828672	0.085844	0.584265	9951.518555
6267.829548	0.085844	0.584265	10026.717773
6267.830545	0.085950	0.584265	10112.409180
6267.831601	0.085928	0.584265	10203.148437
6267.832491	0.085884	0.584265	10279.584961
6267.833362	0.085931	0.584265	10354.431641
6268.871262	1.143464	0.589502	673.500549
6268.872184	1.523148	0.589502	2077.843262
6268.873059	1.503710	0.589502	3393.589355
6268.874043	1.463115	0.589502	4833.294922
6268.875073	1.420430	0.589502	6296.337402
6268.875950	1.385365	0.589502	7511.302734
6268.876835	1.352329	0.589502	8708.114258
6268.877817	0.825560	0.589502	9518.814453
6268.878752	0.094669	0.589502	9607.330078
6268.879629	0.085909	0.589502	9682.672852
6268.880569	0.085997	0.589502	9763.510742
6268.881605	0.086001	0.589502	9852.607422
6268.882496	0.085950	0.589502	9929.188477
6268.883368	0.085975	0.589502	10004.159180
6268.884297	0.086125	0.589502	10084.169922
6268.885293	0.086008	0.589502	10169.833984
6268.886166	0.086012	0.589502	10244.922852
6268.887028	0.086089	0.589502	10319.131836
6269.875143	1.048579	0.598376	455.083313
6269.876026	1.515480	0.598376	1793.251953
6269.877021	1.506259	0.598376	3291.979248
6269.878073	1.462954	0.598376	4831.006836
6269.878963	1.425970	0.598376	6100.120605
6269.879852	1.389833	0.598376	7335.681641
6269.880946	1.349806	0.598376	8812.369141
6269.881901	0.781318	0.598376	9558.528320
6269.882759	0.096482	0.598376	9641.309570
6269.883793	0.086093	0.598376	9730.329102
6269.884823	0.085972	0.598376	9818.879883
6269.885704	0.085964	0.598376	9894.614258
6269.886633	0.086005	0.598376	9974.512695
6269.887700	0.086063	0.598376	10066.341797
6269.888639	0.086001	0.598376	10147.096680
6269.889499	0.085950	0.598376	10221.013672
6269.890526	0.086104	0.598376	10309.442383
6269.891544	0.085997	0.598376	10396.987305
6270.926929	1.160402	0.585260	668.391357
6270.927985	1.523544	0.585260	2277.253418
6270.928887	1.497565	0.585260	3628.056641
6270.929784	1.458856	0.585260	4936.650391
6270.930864	1.415973	0.585260	6465.901367
6270.931813	1.378960	0.585260	7774.534180
6270.932678	1.346418	0.585260	8939.185547
6270.933715	0.572439	0.585260	9532.804687
6270.934744	0.086942	0.585260	9622.268555
6270.935623	0.086012	0.585260	9697.873047
6270.936562	0.086019	0.585260	9778.645508
6270.937623	0.086023	0.585260	9869.916016
6270.938551	0.085920	0.585260	9949.650391
6270.939408	0.085946	0.585260	10023.306641
6270.940441	0.086005	0.585260	10112.149414
6270.941468	0.085972	0.585260	10200.442383
6270.942354	0.086038	0.585260	10276.671875
6270.943316	0.086118	0.585260	10359.517578
6271.933518	1.163372	0.610175	665.448547
6271.934575	1.523394	0.610175	2275.675537
6271.935465	1.497861	0.610175	3608.772217
6271.936379	1.458794	0.610175	4942.109863
6271.937467	1.415284	0.610175	6481.939453
6271.938416	1.378363	0.610175	7790.005859
6271.939280	1.345950	0.610175	8952.906250
6271.940330	0.552059	0.610175	9532.568359
6271.941346	0.086700	0.610175	9620.656250
6271.942231	0.085990	0.610175	9696.757812
6271.943171	0.086089	0.610175	9777.681641
6271.944235	0.086074	0.610175	9869.264648
6271.945149	0.085972	0.610175	9947.842773
6271.946015	0.086034	0.610175	10022.348633
6271.947047	0.086089	0.610175	10111.192383
6271.948067	0.086001	0.610175	10198.913086
6271.948955	0.085909	0.610175	10275.200195
6271.949919	0.086049	0.610175	10358.151367
6272.982968	1.023274	0.577026	430.798340
6272.983931	1.513143	0.577026	1887.955322
6272.984905	1.504596	0.577026	3353.431641
6272.985822	1.465950	0.577026	4697.707520
6272.986710	1.429691	0.577026	5967.273437
6272.987739	1.389554	0.577026	7397.125000
6272.988648	1.354863	0.577026	8628.695312
6272.989529	1.042350	0.577026	9547.005859
6272.990420	0.130173	0.577026	9662.990234
6272.991451	0.085935	0.577026	9751.588867
6272.992336	0.085975	0.577026	9827.676758
6272.993192	0.086005	0.577026	9901.296875
6272.994275	0.086027	0.577026	9994.463867
6272.995178	0.085906	0.577026	10072.037109
6272.996042	0.085931	0.577026	10146.282227
6272.997007	0.086008	0.577026	10229.280273
6272.998020	0.085942	0.577026	10316.339844
6272.998912	0.085906	0.577026	10392.967773
6273.991152	1.083029	0.615468	514.438538
6273.992035	1.517889	0.615468	1854.734863
6273.992991	1.506533	0.615468	3294.980469
6273.994041	1.462335	0.615468	4830.432617
6273.994970	1.424374	0.615468	6153.675781
6273.995834	1.389423	0.615468	7354.136719
6273.996910	1.349839	0.615468	8806.563477
6273.997929	0.720546	0.615468	9540.799805
6273.998807	0.092992	0.615468	9622.446289
6273.999796	0.085983	0.615468	9707.483398
6274.000843	0.085942	0.615468	9797.464844
6274.001740	0.085986	0.615468	9874.594727
6274.002599	0.085964	0.615468	9948.438477
6274.003669	0.086034	0.615468	10040.495117
6274.004660	0.085964	0.615468	10125.685547
6274.005551	0.085869	0.615468	10202.195312
6274.006524	0.086038	0.615468	10285.910156
6274.007579	0.085975	0.615468	10376.614258
6275.038651	1.024080	0.590493	432.161560
6275.039634	1.514150	0.590493	1920.571289
6275.040698	1.500608	0.590493	3517.218262
6275.041615	1.461584	0.590493	4857.491211
6275.042476	1.424963	0.590493	6084.384766
6275.043550	1.383629	0.590493	7570.402344
6275.044549	1.346056	0.590493	8915.112305
6275.045445	0.738757	0.590493	9577.039062
6275.046427	0.092552	0.590493	9667.925781
6275.047478	0.086023	0.590493	9758.335937
6275.048376	0.085880	0.590493	9835.456055
6275.049240	0.085997	0.590493	9909.757812
6275.050348	0.085917	0.590493	10004.953125
6275.051316	0.085909	0.590493	10088.113281
6275.052182	0.085858	0.590493	10162.466797
6275.053261	0.086049	0.590493	10255.313477
6275.054292	0.085935	0.590493	10343.912109
6275.055182	0.085935	0.590493	10420.394531
6276.048338	1.045137	0.619545	462.995544
6276.049204	1.514330	0.619545	1774.405029
6276.050281	1.503420	0.619545	3393.588867
6276.051240	1.463013	0.619545	4796.618164
6276.052111	1.427175	0.619545	6039.687988
6276.052979	1.390902	0.619545	7246.991211
6276.054114	1.350487	0.619545	8779.793945
6276.055018	0.867378	0.619545	9563.903320
6276.055883	0.102334	0.619545	9652.421875
6276.056904	0.086067	0.619545	9740.295898
6276.057876	0.085906	0.619545	9823.795898
6276.058750	0.085792	0.619545	9898.778320
6276.059612	0.085950	0.619545	9972.867187
6276.060711	0.085858	0.619545	10067.225586
6276.061607	0.085811	0.619545	10144.112305
6276.062473	0.085847	0.619545	10218.456055
6276.063481	0.086063	0.619545	10305.208008
6276.064471	0.085950	0.619545	10390.297852
6277.095357	1.025918	0.597594	434.989227
6277.096389	1.518296	0.597594	2001.870605
6277.097435	1.499344	0.597594	3570.185059
6277.098319	1.461303	0.597594	4861.976562
6277.099254	1.423466	0.597594	6192.916992
6277.100309	1.382007	0.597594	7650.934082
6277.101251	1.346909	0.597594	8919.722656
6277.102118	0.780927	0.597594	9596.786133
6277.103182	0.090260	0.597594	9692.823242
6277.104202	0.085862	0.597594	9780.402344
6277.105075	0.085920	0.597594	9855.411133
6277.106032	0.086001	0.597594	9937.713867
6277.107073	0.085983	0.597594	10027.221680
6277.107999	0.085887	0.597594	10106.753906
6277.108899	0.085891	0.597594	10184.055664
6277.109785	0.085778	0.597594	10260.054687
6277.110733	0.085979	0.597594	10341.562500
6277.111666	0.086049	0.597594	10421.845703
6278.106175	1.146317	0.622558	637.352295
6278.107232	1.523068	0.622558	2247.234863
6278.108128	1.498143	0.622558	3589.571289
6278.109014	1.459446	0.622558	4882.640137
6278.110108	1.416310	0.622558	6432.083008
6278.111073	1.378927	0.622558	7762.747559
6278.111939	1.346268	0.622558	8928.616211
6278.112992	0.564229	0.622558	9522.749023
6278.114034	0.086770	0.622558	9613.163086
6278.114913	0.085785	0.622558	9688.568359
6278.115860	0.085990	0.622558	9770.000977
6278.116921	0.085968	0.622558	9861.212891
6278.117848	0.085873	0.622558	9940.817383
6278.118705	0.085946	0.622558	10014.472656
6278.119741	0.085961	0.622558	10103.528320
6278.120765	0.085800	0.622558	10191.386719
6278.121652	0.085909	0.622558	10267.587891
6278.122608	0.085887	0.622558	10349.696289
6279.152057	1.031609	0.591504	432.244141
6279.153134	1.520618	0.591504	2069.949219
6279.154125	1.498912	0.591504	3555.371338
6279.155020	1.461361	0.591504	4863.289551
6279.156032	1.420675	0.591504	6301.012695
6279.157072	1.379923	0.591504	7736.132812
6279.157968	1.345968	0.591504	8942.120117
6279.158840	0.728441	0.591504	9577.320312
6279.159938	0.088857	0.591504	9674.885742
6279.160900	0.085935	0.591504	9757.555664
6279.161756	0.085862	0.591504	9831.053711
6279.162843	0.086136	0.591504	9924.683594
6279.163881	0.085957	0.591504	10013.907227
6279.164751	0.085876	0.591504	10088.620117
6279.165667	0.085942	0.591504	10167.343750
6279.166735	0.085957	0.591504	10259.145508
6279.167681	0.085902	0.591504	10340.409180
6279.168546	0.085800	0.591504	10414.625977
6280.162235	1.023263	0.626079	431.816986
6280.163161	1.512634	0.626079	1832.516357
6280.164154	1.505094	0.626079	3327.074707
6280.165076	1.466543	0.626079	4679.227539
6280.165954	1.430398	0.626079	5935.116699
6280.166993	1.389862	0.626079	7379.183594
6280.167908	1.355032	0.626079	8619.037109
6280.168785	1.055823	0.626079	9544.994141
6280.169647	0.133843	0.626079	9660.366211
6280.170706	0.085924	0.626079	9751.359375
6280.171588	0.085898	0.626079	9827.122070
6280.172458	0.085913	0.626079	9901.866211
6280.173477	0.086034	0.626079	9989.535156
6280.174380	0.085953	0.626079	10067.151367
6280.175297	0.085953	0.626079	10145.970703
6280.176173	0.085953	0.626079	10221.265625
6280.177203	0.085983	0.626079	10309.828125
6280.178103	0.085833	0.626079	10387.077148
6281.210370	1.087178	0.587874	534.891479
6281.211242	1.518516	0.587874	1859.037109
6281.212170	1.506746	0.587874	3257.296875
6281.213239	1.462101	0.587874	4820.282715
6281.214175	1.424004	0.587874	6153.150391
6281.215046	1.389353	0.587874	7363.276855
6281.216095	1.350026	0.587874	8779.453125
6281.217124	0.696420	0.587874	9496.069336
6281.218007	0.091688	0.587874	9577.030273
6281.218968	0.086085	0.587874	9659.757812
6281.220028	0.086063	0.587874	9750.984375
6281.220953	0.086147	0.587874	9830.670898
6281.221817	0.086122	0.587874	9905.080078
6281.222903	0.086191	0.587874	9998.683594
6281.223893	0.086012	0.587874	10083.834961
6281.224781	0.085994	0.587874	10160.197266
6281.225758	0.086166	0.587874	10244.380859
6281.226792	0.086085	0.587874	10333.392578
6282.218420	1.031788	0.632145	431.287537
6282.219527	1.521119	0.632145	2115.166748
6282.220517	1.497682	0.632145	3597.871826
6282.221411	1.460277	0.632145	4903.359375
6282.222398	1.420367	0.632145	6305.261719
6282.223467	1.378824	0.632145	7779.225098
6282.224375	1.344269	0.632145	8999.821289
6282.225244	0.676289	0.632145	9587.516602
6282.226340	0.088048	0.632145	9684.017578
6282.227295	0.085880	0.632145	9766.033203
6282.228155	0.085972	0.632145	9839.968750
6282.229214	0.086045	0.632145	9931.089844
6282.230244	0.086012	0.632145	10019.682617
6282.231125	0.086045	0.632145	10095.488281
6282.232032	0.086063	0.632145	10173.547852
6282.233108	0.086056	0.632145	10266.143555
6282.234044	0.086001	0.632145	10346.640625
6282.234902	0.085939	0.632145	10420.375977
6283.267518	1.036033	0.580684	443.422028
6283.268390	1.513975	0.580684	1763.607788
6283.269483	1.502585	0.580684	3405.933594
6283.270459	1.461702	0.580684	4832.554687
6283.271341	1.425908	0.580684	6090.205566
6283.272345	1.386676	0.580684	7482.428223
6283.273396	1.347726	0.580684	8898.887695
6283.274297	0.755522	0.580684	9579.613281
6283.275194	0.095065	0.580684	9664.886719
6283.276266	0.086001	0.580684	9757.080078
6283.277222	0.085968	0.580684	9839.265625
6283.278085	0.085950	0.580684	9913.440430
6283.279122	0.086067	0.580684	10002.691406
6283.280149	0.085957	0.580684	10090.969727
6283.281031	0.085924	0.580684	10166.754883
6283.281968	0.085942	0.580684	10247.283203
6283.283042	0.086052	0.580684	10339.703125
6283.283979	0.086023	0.580684	10420.306641
6284.275747	1.116383	0.640516	571.588135
6284.276776	1.522928	0.640516	2138.681641
6284.277666	1.501362	0.640516	3474.894043
6284.278646	1.460852	0.640516	4906.529297
6284.279696	1.417310	0.640516	6394.704590
6284.280637	1.380743	0.640516	7693.984375
6284.281503	1.347301	0.640516	8860.747070
6284.282577	0.594521	0.640516	9499.262695
6284.283584	0.087078	0.640516	9586.950195
6284.284452	0.085887	0.640516	9661.500977
6284.285429	0.086133	0.640516	9745.652344
6284.286480	0.086005	0.640516	9836.042969
6284.287396	0.086074	0.640516	9914.886719
6284.288263	0.086067	0.640516	9989.506836
6284.289360	0.086089	0.640516	10083.946289
6284.290354	0.085858	0.640516	10169.289062
6284.291247	0.085997	0.640516	10246.084961
6284.292225	0.086140	0.640516	10330.330078
6285.326351	1.107001	0.570665	553.500366
6285.327259	1.520512	0.570665	1934.124756
6285.328128	1.506321	0.570665	3243.117676
6285.329233	1.461075	0.570665	4857.605957
6285.330232	1.420056	0.570665	6276.242187
6285.331135	1.384841	0.570665	7526.753906
6285.332141	1.347385	0.570665	8882.223633
6285.333207	0.574556	0.570665	9494.700195
6285.334089	0.088286	0.570665	9572.568359
6285.334972	0.086045	0.570665	9648.545898
6285.336070	0.086082	0.570665	9743.063477
6285.337030	0.086016	0.570665	9825.638672
6285.337889	0.086001	0.570665	9899.513672
6285.338915	0.086177	0.570665	9987.930664
6285.339944	0.086082	0.570665	10076.508789
6285.340828	0.086082	0.570665	10152.604492
6285.341746	0.086107	0.570665	10231.651367
6285.342799	0.086008	0.570665	10322.217773
6286.330817	1.031949	0.655187	441.674347
6286.331771	1.513575	0.655187	1885.625244
6286.332824	1.500978	0.655187	3466.154785
6286.333757	1.461731	0.655187	4829.949707
6286.334623	1.425949	0.655187	6064.821289
6286.335697	1.384127	0.655187	7551.374023
6286.336699	1.346580	0.655187	8900.646484
6286.337595	0.758470	0.655187	9580.236328
6286.338575	0.093838	0.655187	9672.197266
6286.339621	0.085975	0.655187	9762.127930
6286.340537	0.085833	0.655187	9840.750977
6286.341399	0.085950	0.655187	9914.839844
6286.342490	0.086107	0.655187	10008.783203
6286.343480	0.085851	0.655187	10093.775391
6286.344358	0.085869	0.655187	10169.168945
6286.345362	0.086023	0.655187	10255.536133
6286.346402	0.085957	0.655187	10344.931641
6286.347285	0.085887	0.655187	10420.770508
6287.383504	1.045316	0.586843	460.984406
6287.384369	1.514597	0.586843	1771.110962
6287.385416	1.504816	0.586843	3346.652832
6287.386440	1.461789	0.586843	4843.525391
6287.387326	1.425377	0.586843	6106.409668
6287.388286	1.388020	0.586843	7438.908691
6287.389339	1.348261	0.586843	8858.626953
6287.390288	0.733022	0.586843	9554.265625
6287.391144	0.093962	0.586843	9634.697266
6287.392207	0.086019	0.586843	9726.135742
6287.393216	0.085975	0.586843	9812.884766
6287.394084	0.085968	0.586843	9887.504883
6287.395058	0.086082	0.586843	9971.348633
6287.396120	0.085972	0.586843	10062.650391
6287.397037	0.085931	0.586843	10141.449219
6287.397911	0.085906	0.586843	10216.531250
6287.398975	0.085986	0.586843	10308.020508
6287.399959	0.085920	0.586843	10392.566406
6288.388033	1.035513	0.644391	442.163910
6288.389081	1.519486	0.644391	2034.585327
6288.390037	1.501593	0.644391	3470.108398
6288.390902	1.464591	0.644391	4736.979492
6288.391944	1.422546	0.644391	6219.272949
6288.392988	1.381897	0.644391	7661.973633
6288.393869	1.348378	0.644391	8849.894531
6288.394812	0.765674	0.644391	9571.924805
6288.395872	0.089630	0.644391	9666.932617
6288.396804	0.085822	0.644391	9746.917969
6288.397661	0.085946	0.644391	9820.574219
6288.398688	0.086008	0.644391	9908.904297
6288.399708	0.085953	0.644391	9996.577148
6288.400596	0.085917	0.644391	10072.871094
6288.401547	0.086019	0.644391	10154.675781
6288.402606	0.086082	0.644391	10245.835937
6288.403529	0.085895	0.644391	10325.117187
6288.404393	0.086008	0.644391	10399.428711
6289.441731	1.029598	0.603287	440.668091
6289.442639	1.513737	0.603287	1815.140869
6289.443573	1.506636	0.603287	3222.338623
6289.444506	1.468180	0.603287	4592.150391
6289.445393	1.430654	0.603287	5861.140625
6289.446430	1.390876	0.603287	7303.479492
6289.447333	1.356398	0.603287	8528.306641
6289.448259	1.067922	0.603287	9517.203125
6289.449128	0.134799	0.603287	9634.342773
6289.450120	0.085920	0.603287	9719.576172
6289.451039	0.085884	0.603287	9798.502930
6289.451901	0.085975	0.603287	9872.613281
6289.452918	0.085931	0.603287	9960.005859
6289.453796	0.085939	0.603287	10035.459961
6289.454696	0.085997	0.603287	10112.857422
6289.455573	0.085895	0.603287	10188.187500
6289.456534	0.085906	0.603287	10270.743164
6289.457459	0.085964	0.603287	10350.259766
6290.445845	1.109139	0.634341	559.006226
6290.446762	1.520684	0.634341	1953.473022
6290.447627	1.505530	0.634341	3255.756348
6290.448719	1.460984	0.634341	4851.150879
6290.449703	1.420792	0.634341	6249.210449
6290.450599	1.385786	0.634341	7490.875000
6290.451626	1.347733	0.634341	8874.997070
6290.452684	0.587358	0.634341	9496.421875
6290.453558	0.088762	0.634341	9574.000000
6290.454415	0.085946	0.634341	9647.656250
6290.455519	0.086005	0.634341	9742.605469
6290.456484	0.085906	0.634341	9825.504883
6290.457345	0.085920	0.634341	9899.482422
6290.458396	0.086001	0.634341	9989.869141
6290.459431	0.085862	0.634341	10078.736328
6290.460301	0.085928	0.634341	10153.493164
6290.461189	0.085909	0.634341	10229.780273
6290.462277	0.086008	0.634341	10323.357422
6291.499018	1.096296	0.621051	550.340820
6291.499936	1.520651	0.621051	1946.298096
6291.500803	1.506350	0.621051	3252.303711
6291.501884	1.461694	0.621051	4832.395508
6291.502890	1.420441	0.621051	6261.358887
6291.503783	1.385658	0.621051	7498.751465
6291.504764	1.349150	0.621051	8822.267578
6291.505841	0.617197	0.621051	9486.989258
6291.506742	0.088601	0.621051	9566.818359
6291.507605	0.085942	0.621051	9640.986328
6291.508697	0.086078	0.621051	9734.983398
6291.509672	0.085946	0.621051	9818.781250
6291.510533	0.085957	0.621051	9892.790039
6291.511607	0.086147	0.621051	9985.312500
6291.512641	0.086089	0.621051	10074.328125
6291.513518	0.086034	0.621051	10149.780273
6291.514420	0.086129	0.621051	10227.468750
6291.515487	0.086129	0.621051	10319.368164
6292.503521	1.049359	0.613800	481.655884
6292.504416	1.517109	0.613800	1839.468628
6292.505285	1.509265	0.613800	3151.020020
6292.506262	1.467693	0.613800	4584.956055
6292.507209	1.429830	0.613800	5939.005371
6292.508098	1.394736	0.613800	7178.925781
6292.509110	1.357562	0.613800	8552.778320
6292.510011	1.079736	0.613800	9525.621094
6292.510928	0.131364	0.613800	9646.081055
6292.511787	0.085873	0.613800	9719.845703
6292.512810	0.086016	0.613800	9807.839844
6292.513729	0.086001	0.613800	9886.875000
6292.514623	0.085950	0.613800	9963.713867
6292.515597	0.085990	0.613800	10047.467773
6292.516524	0.085928	0.613800	10127.123047
6292.517434	0.085906	0.613800	10205.296875
6292.518298	0.086005	0.613800	10279.604492
6292.519330	0.086027	0.613800	10368.383789
6293.555723	1.093711	0.626880	549.042847
6293.556597	1.518875	0.626880	1876.539185
6293.557495	1.506460	0.626880	3229.340332
6293.558593	1.461482	0.626880	4834.047363
6293.559552	1.422524	0.626880	6198.248047
6293.560426	1.387830	0.626880	7411.210937
6293.561482	1.348381	0.626880	8835.101562
6293.562527	0.620028	0.626880	9483.031250
6293.563415	0.089388	0.626880	9562.408203
6293.564356	0.085935	0.626880	9643.273437
6293.565404	0.086027	0.626880	9733.429687
6293.566331	0.085961	0.626880	9813.115234
6293.567191	0.086038	0.626880	9887.107422
6293.568248	0.086049	0.626880	9978.060547
6293.569270	0.086005	0.626880	10065.957031
6293.570142	0.086045	0.626880	10140.988281
6293.571112	0.086107	0.626880	10224.512695
6293.572153	0.086038	0.626880	10314.078125
6294.559699	1.050278	0.607270	461.072174
6294.560564	1.514286	0.607270	1770.929443
6294.561660	1.502432	0.607270	3417.594482
6294.562657	1.460369	0.607270	4873.582031
6294.563534	1.424271	0.607270	6122.667969
6294.564533	1.384764	0.607270	7506.047363
6294.565611	1.345836	0.607270	8956.858398
6294.566494	0.702048	0.607270	9576.766602
6294.567382	0.092234	0.607270	9658.669922
6294.568481	0.086115	0.607270	9753.309570
6294.569435	0.085983	0.607270	9835.336914
6294.570299	0.086034	0.607270	9909.669922
6294.571306	0.086155	0.607270	9996.427734
6294.572357	0.086089	0.607270	10086.907227
6294.573255	0.086056	0.607270	10164.185547
6294.574190	0.086107	0.607270	10244.695312
6294.575246	0.085983	0.607270	10335.493164
6294.576183	0.085854	0.607270	10415.938477
6295.611952	1.122495	0.599484	607.269897
6295.612884	1.521929	0.599484	2025.707520
6295.613814	1.502527	0.599484	3423.057617
6295.614682	1.464946	0.599484	4694.630859
6295.615727	1.423337	0.599484	6182.018555
6295.616613	1.388130	0.599484	7411.901367
6295.617482	1.355420	0.599484	8589.761719
6295.618468	0.917106	0.599484	9494.028320
6295.619410	0.102206	0.599484	9590.306641
6295.620326	0.085858	0.599484	9668.953125
6295.621205	0.086008	0.599484	9744.554687
6295.622247	0.085961	0.599484	9834.125977
6295.623139	0.085920	0.599484	9910.766602
6295.624012	0.085961	0.599484	9985.810547
6295.624930	0.086019	0.599484	10064.776367
6295.625930	0.086016	0.599484	10150.791992
6295.626846	0.086034	0.599484	10229.598633
6295.627708	0.086030	0.599484	10303.756836
6296.618004	1.104115	0.611520	550.953369
6296.619002	1.522496	0.611520	2070.404785
6296.619892	1.502769	0.611520	3407.868652
6296.620867	1.462200	0.611520	4833.513184
6296.621925	1.419060	0.611520	6334.878906
6296.622839	1.382908	0.611520	7598.856445
6296.623703	1.349396	0.611520	8764.734375
6296.624801	0.632875	0.611520	9459.630859
6296.625791	0.087609	0.611520	9546.363281
6296.626680	0.086089	0.611520	9622.896484
6296.627647	0.086115	0.611520	9706.168945
6296.628690	0.086056	0.611520	9795.924805
6296.629587	0.085972	0.611520	9873.041016
6296.630450	0.086005	0.611520	9947.262695
6296.631544	0.086060	0.611520	10041.412109
6296.632505	0.086038	0.611520	10124.093750
6296.633366	0.085979	0.611520	10198.122070
6296.634448	0.086045	0.611520	10291.222656
6297.665040	1.102035	0.597425	558.731689
6297.665954	1.520233	0.597425	1948.224854
6297.666822	1.506185	0.597425	3255.593750
6297.667902	1.461335	0.597425	4833.835937
6297.668908	1.420353	0.597425	6262.710937
6297.669807	1.385354	0.597425	7508.144043
6297.670801	1.348400	0.597425	8848.453125
6297.671873	0.593079	0.597425	9484.233398
6297.672777	0.088250	0.597425	9564.010742
6297.673644	0.085997	0.597425	9638.570312
6297.674731	0.086067	0.597425	9732.125000
6297.675695	0.085917	0.597425	9814.949219
6297.676574	0.085873	0.597425	9890.431641
6297.677591	0.086074	0.597425	9977.968750
6297.678637	0.085986	0.597425	10067.910156
6297.679515	0.086012	0.597425	10143.428711
6297.680393	0.085997	0.597425	10218.934570
6297.681466	0.086005	0.597425	10311.217773
6298.677188	1.037849	0.622304	445.237244
6298.678151	1.514268	0.622304	1903.476807
6298.679116	1.504288	0.622304	3355.114990
6298.680048	1.465258	0.622304	4720.734863
6298.680919	1.429054	0.622304	5965.440918
6298.681953	1.389126	0.622304	7401.797363
6298.682822	1.355479	0.622304	8579.708008
6298.683702	1.080919	0.622304	9530.916992
6298.684623	0.139581	0.622304	9659.471680
6298.685612	0.085818	0.622304	9744.345703
6298.686518	0.085972	0.622304	9822.236328
6298.687411	0.086027	0.622304	9899.057617
6298.688410	0.085968	0.622304	9984.939453
6298.689321	0.086016	0.622304	10063.299805
6298.690242	0.085990	0.622304	10142.496094
6298.691103	0.085942	0.622304	10216.492187
6298.692144	0.085935	0.622304	10305.950195
6298.693022	0.085983	0.622304	10381.443359
6299.720119	1.046946	0.594827	441.811127
6299.721233	1.521420	0.594827	2136.672607
6299.722217	1.497675	0.594827	3610.384277
6299.723083	1.460834	0.594827	4875.466309
6299.724153	1.418020	0.594827	6392.747559
6299.725187	1.377730	0.594827	7817.319824
6299.726076	1.344133	0.594827	9012.253906
6299.727012	0.637950	0.594827	9609.375000
6299.728077	0.087404	0.594827	9702.459961
6299.729007	0.085873	0.594827	9782.321289
6299.729867	0.085931	0.594827	9856.222656
6299.730909	0.086056	0.594827	9945.892578
6299.731937	0.086005	0.594827	10034.305664
6299.732804	0.085880	0.594827	10108.763672
6299.733765	0.086041	0.594827	10191.449219
6299.734819	0.086052	0.594827	10282.148437
6299.735743	0.085920	0.594827	10361.539062
6299.736607	0.085990	0.594827	10435.833984
6300.735433	1.036886	0.625172	446.897858
6300.736305	1.514670	0.625172	1767.690430
6300.737319	1.505098	0.625172	3293.859375
6300.738372	1.461856	0.625172	4833.193359
6300.739262	1.424879	0.625172	6101.335937
6300.740179	1.388533	0.625172	7374.620117
6300.741264	1.348099	0.625172	8837.307617
6300.742218	0.738497	0.625172	9541.833984
6300.743086	0.093750	0.625172	9623.208984
6300.744157	0.085990	0.625172	9715.304687
6300.745167	0.085884	0.625172	9802.046875
6300.746059	0.085975	0.625172	9878.737305
6300.747008	0.085898	0.625172	9960.254883
6300.748058	0.085909	0.625172	10050.459961
6300.748977	0.085931	0.625172	10129.430664
6300.749836	0.085862	0.625172	10203.185547
6300.750883	0.085913	0.625172	10293.136719
6300.751890	0.085840	0.625172	10379.577148
6301.775300	1.045441	0.610163	453.721252
6301.776178	1.514927	0.610163	1783.826904
6301.777042	1.509309	0.610163	3087.869873
6301.778162	1.465206	0.610163	4728.900879
6301.779077	1.427311	0.610163	6034.890137
6301.779949	1.392792	0.610163	7249.404297
6301.781025	1.352267	0.610163	8704.443359
6301.782012	0.843464	0.610163	9536.942383
6301.782890	0.098511	0.610163	9623.434570
6301.783782	0.085939	0.610163	9700.091797
6301.784871	0.085950	0.610163	9793.691406
6301.785750	0.085953	0.610163	9869.244141
6301.786610	0.086012	0.610163	9943.214844
6301.787682	0.086085	0.610163	10035.498047
6301.788647	0.085858	0.610163	10118.351562
6301.789522	0.085957	0.610163	10193.564453
6301.790379	0.086005	0.610163	10267.270508
6301.791486	0.086023	0.610163	10362.498047
6302.794262	1.108894	0.622941	554.447021
6302.795225	1.521775	0.622941	2019.916260
6302.796088	1.505204	0.622941	3318.907227
6302.797141	1.460424	0.622941	4856.733398
6302.798210	1.417925	0.622941	6372.495117
6302.799084	1.382772	0.622941	7581.038086
6302.800028	1.347708	0.622941	8853.273437
6302.801091	0.590098	0.622941	9480.546875
6302.802027	0.087872	0.622941	9562.794922
6302.802896	0.085869	0.622941	9637.415039
6302.803940	0.086056	0.622941	9727.257812
6302.804951	0.085913	0.622941	9814.116211
6302.805839	0.085990	0.622941	9890.475586
6302.806791	0.086056	0.622941	9972.400391
6302.807854	0.086005	0.622941	10063.823242
6302.808786	0.085950	0.622941	10143.928711
6302.809647	0.085917	0.622941	10217.903320
6302.810709	0.086049	0.622941	10309.287109
6303.833015	1.038347	0.609978	435.067444
6303.834100	1.520189	0.609978	2084.472656
6303.835075	1.499297	0.609978	3546.287109
6303.835945	1.462379	0.609978	4818.556641
6303.836953	1.421338	0.609978	6251.265137
6303.838010	1.380337	0.609978	7710.281250
6303.838905	1.346459	0.609978	8915.361328
6303.839811	0.724189	0.609978	9571.476562
6303.840912	0.088026	0.609978	9668.393555
6303.841862	0.085994	0.609978	9750.087891
6303.842729	0.086001	0.609978	9824.650391
6303.843749	0.086136	0.609978	9912.509766
6303.844780	0.085928	0.609978	10001.101562
6303.845671	0.085902	0.609978	10077.640625
6303.846606	0.085968	0.609978	10158.020508
6303.847670	0.086045	0.609978	10249.572266
6303.848613	0.085950	0.609978	10330.623047
6303.849473	0.086005	0.609978	10404.586914
6304.852414	1.032927	0.611500	441.059937
6304.853279	1.513154	0.611500	1749.938354
6304.854378	1.502758	0.611500	3401.468994
6304.855313	1.463258	0.611500	4769.615234
6304.856198	1.427175	0.611500	6032.665527
6304.857200	1.388426	0.611500	7423.868652
6304.858193	1.350417	0.611500	8764.833008
6304.859085	0.902769	0.611500	9570.102539
6304.859940	0.106846	0.611500	9661.456055
6304.861034	0.086019	0.611500	9755.561523
6304.861943	0.085979	0.611500	9833.716797
6304.862807	0.085898	0.611500	9907.932617
6304.863778	0.085961	0.611500	9991.400391
6304.864790	0.086045	0.611500	10078.477539
6304.865682	0.086060	0.611500	10155.242187
6304.866544	0.085961	0.611500	10229.339844
6304.867604	0.086045	0.611500	10320.547852
6304.868546	0.085844	0.611500	10401.412109
6305.889812	1.075990	0.606066	554.134827
6305.890877	1.521768	0.606066	2174.817383
6305.891806	1.498363	0.606066	3566.796631
6305.892666	1.460684	0.606066	4822.984375
6305.893731	1.418280	0.606066	6333.452637
6305.894760	1.378279	0.606066	7751.701660
6305.895638	1.345232	0.606066	8932.815430
6305.896632	0.607167	0.606066	9536.338867
6305.897688	0.087184	0.606066	9628.405273
6305.898593	0.086038	0.606066	9706.269531
6305.899460	0.086093	0.606066	9780.912109
6305.900563	0.086052	0.606066	9875.828125
6305.901532	0.085961	0.606066	9959.124023
6305.902413	0.085909	0.606066	10034.810547
6305.903409	0.086151	0.606066	10120.617187
6305.904462	0.085990	0.606066	10211.165039
6305.905352	0.085858	0.606066	10287.579102
6305.906233	0.086016	0.606066	10363.358398
6306.909725	1.079194	0.594976	565.497803
6306.910770	1.521823	0.594976	2155.802246
6306.911693	1.498671	0.594976	3539.075195
6306.912556	1.461405	0.594976	4800.267578
6306.913623	1.418983	0.594976	6314.322754
6306.914636	1.379388	0.594976	7711.643555
6306.915511	1.346338	0.594976	8889.689453
6306.916498	0.644191	0.594976	9525.505859
6306.917559	0.087656	0.594976	9618.508789
6306.918460	0.086005	0.594976	9695.999023
6306.919333	0.085924	0.594976	9771.010742
6306.920414	0.086034	0.594976	9864.013672
6306.921403	0.085942	0.594976	9949.010742
6306.922292	0.085902	0.594976	10025.377930
6306.923275	0.086144	0.594976	10110.057617
6306.924335	0.086019	0.594976	10201.238281
6306.925238	0.085869	0.594976	10278.778320
6306.926104	0.085935	0.594976	10353.198242
6307.945912	1.023237	0.590815	429.759644
6307.946905	1.515604	0.590815	1934.754639
6307.947905	1.501893	0.590815	3436.647949
6307.948796	1.464196	0.590815	4741.246094
6307.949662	1.427783	0.590815	5977.706543
6307.950740	1.386658	0.590815	7472.523437
6307.951658	1.351794	0.590815	8713.470703
6307.952536	0.972444	0.590815	9567.276367
6307.953532	0.112628	0.590815	9679.454102
6307.954534	0.085840	0.590815	9765.465820
6307.955410	0.085964	0.590815	9840.770508
6307.956273	0.086027	0.590815	9915.011719
6307.957321	0.086019	0.590815	10005.160156
6307.958245	0.086012	0.590815	10084.634766
6307.959120	0.086001	0.590815	10159.885742
6307.960063	0.086060	0.590815	10241.040039
6307.961095	0.086016	0.590815	10329.808594
6307.961983	0.085953	0.590815	10406.134766
6308.965815	1.036113	0.585872	434.131470
6308.966899	1.520544	0.585872	2082.401611
6308.967897	1.497744	0.585872	3577.150146
6308.968790	1.460372	0.585872	4881.262695
6308.969775	1.420327	0.585872	6280.285156
6308.970843	1.379271	0.585872	7753.346680
6308.971732	1.345386	0.585872	8949.394531
6308.972646	0.698221	0.585872	9587.569336
6308.973735	0.087821	0.585872	9683.206055
6308.974687	0.085961	0.585872	9765.041016
6308.975549	0.085942	0.585872	9839.123047
6308.976586	0.086012	0.585872	9928.317383
6308.977618	0.085994	0.585872	10017.062500
6308.978499	0.085840	0.585872	10092.687500
6308.979432	0.085909	0.585872	10172.840820
6308.980492	0.086038	0.585872	10264.041016
6308.981417	0.085887	0.585872	10343.487305
6308.982275	0.085891	0.585872	10417.181641
6310.003721	1.094795	0.568510	548.492249
6310.004646	1.520380	0.568510	1954.843506
6310.005511	1.506343	0.568510	3257.830078
6310.006580	1.461859	0.568510	4820.557617
6310.007592	1.420854	0.568510	6258.462402
6310.008490	1.385416	0.568510	7502.566406
6310.009460	1.349539	0.568510	8811.619141
6310.010505	0.657041	0.568510	9498.226562
6310.011417	0.089623	0.568510	9579.962891
6310.012277	0.085961	0.568510	9653.888672
6310.013347	0.085957	0.568510	9745.862305
6310.014356	0.085990	0.568510	9832.625977
6310.015232	0.085895	0.568510	9907.870117
6310.016223	0.086030	0.568510	9993.125977
6310.017266	0.085950	0.568510	10082.771484
6310.018172	0.085964	0.568510	10160.655273
6310.019028	0.086008	0.568510	10234.278320
6310.020105	0.086041	0.568510	10326.944336
6311.022010	1.025724	0.575483	431.829712
6311.023058	1.518929	0.575483	2023.667847
6311.024094	1.498224	0.575483	3575.827637
6311.024981	1.460599	0.575483	4871.379395
6311.025932	1.422301	0.575483	6223.987305
6311.026988	1.381069	0.575483	7682.396484
6311.027916	1.346177	0.575483	8931.648437
6311.028783	0.762561	0.575483	9592.789062
6311.029863	0.089550	0.575483	9689.502930
6311.030871	0.085950	0.575483	9776.140625
6311.031741	0.085957	0.575483	9850.922852
6311.032692	0.085986	0.575483	9932.696289
6311.033750	0.085979	0.575483	10023.662109
6311.034667	0.085994	0.575483	10102.518555
6311.035530	0.086030	0.575483	10176.762695
6311.036621	0.086144	0.575483	10270.745117
6311.037618	0.086019	0.575483	10356.506836
6311.038508	0.085920	0.575483	10432.975586
6312.059843	1.030620	0.567314	441.105408
6312.060818	1.518007	0.567314	1921.161865
6312.061707	1.506559	0.567314	3260.492676
6312.062635	1.468008	0.567314	4622.803711
6312.063496	1.431204	0.567314	5855.070312
6312.064466	1.393374	0.567314	7206.643066
6312.065398	1.358405	0.567314	8472.675781
6312.066296	1.148983	0.567314	9504.462891
6312.067250	0.158046	0.567314	9655.238281
6312.068178	0.085873	0.567314	9734.928711
6312.069083	0.085997	0.567314	9812.755859
6312.069943	0.086016	0.567314	9886.729492
6312.070972	0.085968	0.567314	9975.190430
6312.071899	0.085917	0.567314	10054.834961
6312.072761	0.086063	0.567314	10129.021484
6312.073836	0.085968	0.567314	10221.437500
6312.074707	0.085950	0.567314	10296.299805
6312.075607	0.085950	0.567314	10373.654297
6313.079381	1.162646	0.573606	673.172302
6313.080443	1.522720	0.573606	2290.300781
6313.081328	1.497415	0.573606	3615.512695
6313.082207	1.458578	0.573606	4897.602539
6313.083320	1.415303	0.573606	6472.834473
6313.084275	1.377975	0.573606	7788.800293
6313.085139	1.345382	0.573606	8951.210937
6313.086161	0.563254	0.573606	9526.857422
6313.087206	0.086675	0.573606	9617.432617
6313.088094	0.085928	0.573606	9693.736328
6313.089034	0.086089	0.573606	9774.660156
6313.090086	0.085975	0.573606	9865.106445
6313.091008	0.085953	0.573606	9944.355469
6313.091879	0.086023	0.573606	10019.281250
6313.092931	0.086060	0.573606	10109.816406
6313.093943	0.085961	0.573606	10196.808594
6313.094830	0.085968	0.573606	10273.062500
6313.095787	0.086034	0.573606	10355.396484
6314.116646	1.125527	0.566057	585.274170
6314.117584	1.521716	0.566057	2012.644165
6314.118451	1.504757	0.566057	3317.268555
6314.119515	1.460662	0.566057	4871.412598
6314.120526	1.419540	0.566057	6306.567383
6314.121412	1.384684	0.566057	7533.397461
6314.122411	1.348132	0.566057	8880.181641
6314.123449	0.605072	0.566057	9508.246094
6314.124366	0.088616	0.566057	9589.506836
6314.125224	0.085964	0.566057	9663.264648
6314.126299	0.086089	0.566057	9755.810547
6314.127294	0.085917	0.566057	9841.297852
6314.128166	0.085887	0.566057	9916.191406
6314.129133	0.086041	0.566057	9999.393555
6314.130199	0.085891	0.566057	10090.953125
6314.131101	0.085898	0.566057	10168.433594
6314.131966	0.085946	0.566057	10242.777344
6314.133051	0.086067	0.566057	10336.160156
6315.135416	1.023479	0.579141	430.884705
6315.136311	1.512740	0.579141	1784.787354
6315.137333	1.505277	0.579141	3323.180664
6315.138264	1.466023	0.579141	4688.047852
6315.139134	1.429955	0.579141	5932.108398
6315.140182	1.389580	0.579141	7388.388672
6315.141079	1.354915	0.579141	8603.747070
6315.141945	1.070112	0.579141	9530.464844
6315.142816	0.137424	0.579141	9650.161133
6315.143868	0.085836	0.579141	9740.460937
6315.144757	0.086027	0.579141	9816.938477
6315.145634	0.085957	0.579141	9892.323242
6315.146604	0.085953	0.579141	9975.698242
6315.147543	0.085942	0.579141	10056.398437
6315.148476	0.086030	0.579141	10136.665039
6315.149340	0.086005	0.579141	10210.972656
6315.150370	0.086030	0.579141	10299.583984
6315.151244	0.085961	0.579141	10374.713867
