time (s)	theta (A)	maj axis/z0	min axis/z0	crossing#mod 255
6199.788691	57.434284	-0.769694	-0.010423	137
6201.844783	237.471161	0.771565	0.009234	139
6203.901503	237.474167	0.781530	0.008864	141
6205.957961	237.523331	0.790968	0.008641	143
6208.013708	237.543121	0.800436	0.008255	145
6210.070303	237.597748	0.807962	0.007822	147
6212.126049	237.628922	0.816314	0.007624	149
6214.182839	237.570084	0.826133	0.007154	151
6216.239052	237.413132	0.836371	0.007114	153
6218.299682	237.406311	0.847717	0.006036	155
6220.360776	237.363251	0.858369	0.005615	157
6222.420621	237.334183	0.870358	0.005273	159
6224.479703	237.198212	0.881327	0.005175	161
6226.537845	237.046768	0.893284	0.005675	163
6228.594877	236.955841	0.903945	0.005049	165
6230.652077	236.937378	0.913841	0.004799	167
6232.709368	236.955383	0.923118	0.004098	169
6234.766454	236.954971	0.933191	0.003800	171
6236.823729	236.980972	0.942329	0.003771	173
6238.881167	236.925812	0.952774	0.003753	175
6240.938751	236.924652	0.962342	0.003563	177
6242.996677	236.888000	0.972005	0.003474	179
6245.054530	236.874924	0.981491	0.002974	181
6247.112819	236.872971	0.992087	0.002795	183
6249.170851	236.888794	1.002659	0.002564	185
6251.228639	236.927048	1.012727	0.002778	187
6253.286175	237.007477	1.023270	0.002463	189
6255.342692	237.098373	1.032605	0.002466	191
6257.398348	237.075424	1.043400	0.002389	193
6259.453801	236.950958	1.052870	0.001661	195
6261.509443	236.766022	1.059682	0.001333	197
6263.565575	236.563400	1.064935	0.001396	199
6265.622787	236.475601	1.071746	0.001206	201
6267.680318	236.515869	1.080158	0.001625	203
6269.737990	236.530319	1.089426	0.001155	205
6271.795866	236.548569	1.101112	0.001067	207
6273.853491	236.601349	1.111122	0.000559	209
6275.910810	236.597916	1.121410	0.000413	211
6277.968198	236.597717	1.130009	0.000092	213
6280.024693	236.618774	1.136067	-0.000262	215
6282.081209	236.624893	1.144172	-0.000280	217
6284.137372	236.629593	1.149276	-0.000580	219
6286.193696	236.688416	1.154502	-0.000477	221
6288.250653	236.688675	1.160556	-0.000300	223
6290.308109	236.635788	1.166761	-0.000669	225
6292.365448	236.577789	1.174260	-0.001053	227
6294.422800	236.554626	1.185939	-0.001638	229
6296.480668	236.578018	1.197067	-0.002338	231
6298.538889	236.602280	1.206434	-0.002543	233
6300.597089	236.540466	1.215596	-0.002615	235
6302.655512	236.414352	1.222283	-0.002461	237
6304.713515	236.308990	1.230310	-0.002227	239
6306.770639	236.230408	1.239113	-0.002559	241
6308.827366	236.210526	1.246602	-0.002849	243
6310.883677	236.183762	1.255225	-0.002558	245
6312.940019	236.222137	1.262328	-0.003153	247
6314.996635	236.197220	1.267946	-0.003145	249
6317.052951	236.122391	1.281441	-0.003530	251
6319.108819	236.152206	1.278536	-0.003693	253
6321.164745	236.158417	1.275238	-0.003756	255
6323.220520	236.198349	1.272803	-0.003531	1
6325.276561	236.282410	1.269884	-0.003938	3
6327.332239	236.373322	1.268442	-0.003837	5
6329.387447	236.425400	1.268377	-0.003778	7
6331.442770	236.427933	1.268203	-0.004283	9
6333.497408	236.393631	1.268304	-0.004538	11
6335.551887	236.229980	1.267833	-0.003981	13
6337.606233	236.007507	1.264923	-0.004310	15
6339.661004	235.861359	1.260254	-0.004603	17
6341.716339	235.834595	1.259419	-0.004241	19
6343.772121	235.825729	1.255036	-0.004652	21
6345.828223	235.839935	1.255486	-0.004118	23
6347.884009	235.809906	1.255024	-0.005192	25
6349.940091	235.897369	1.249286	-0.005048	27
6351.995937	235.886703	1.249336	-0.004909	29
6354.051846	235.893158	1.246389	-0.004949	31
6356.107836	235.923904	1.245409	-0.004864	33
6358.162959	235.936203	1.243825	-0.005062	35
6360.218217	235.928070	1.240401	-0.005321	37
6362.274140	235.974350	1.238038	-0.005880	39
6364.328756	235.882324	1.236351	-0.004703	41
6366.384564	235.843781	1.235087	-0.004909	43
6368.440704	235.829132	1.235038	-0.005079	45
6370.497391	235.828430	1.233259	-0.005500	47
6372.554623	235.852997	1.233132	-0.005435	49
6374.611752	235.867462	1.230914	-0.005858	51
6376.668451	235.822739	1.230584	-0.005651	53
6378.724827	235.769867	1.227869	-0.006062	55
6380.781041	235.700485	1.228235	-0.005701	57
6382.836966	235.662613	1.227585	-0.006230	59
6384.892554	235.623993	1.225944	-0.006234	61
6386.948299	235.569855	1.224878	-0.005998	63
6389.003987	235.580093	1.221037	-0.006386	65
6391.059630	235.562393	1.219407	-0.006322	67
6393.115449	235.608521	1.215795	-0.006858	69
6395.171332	235.618469	1.214865	-0.006720	71
6397.227037	235.686417	1.213226	-0.006958	73
6399.282657	235.734039	1.211408	-0.006972	75
6401.338072	235.780197	1.210083	-0.007271	77
6403.393157	235.789398	1.208055	-0.007382	79
6405.448659	235.797119	1.207807	-0.008174	81
6407.502704	235.611893	1.207612	-0.007697	83
6409.557148	235.437546	1.205513	-0.007830	85
6411.611730	235.266739	1.203638	-0.007280	87
6413.666527	235.175201	1.200671	-0.007484	89
6415.722695	235.224350	1.196025	-0.007882	91
6417.777884	235.173813	1.196831	-0.006761	93
6419.834186	235.216782	1.195378	-0.009042	95
6421.889678	235.221603	1.193665	-0.007604	97
6423.945462	235.240997	1.191742	-0.007931	99
6426.001309	235.214859	1.188946	-0.008210	101
6428.056981	235.254364	1.188744	-0.008090	103
6430.112248	235.250320	1.185458	-0.008345	105
6432.167799	235.246323	1.184574	-0.008253	107
6434.223277	235.214279	1.180593	-0.008537	109
6436.278784	235.161896	1.180859	-0.008487	111
6438.334567	235.141083	1.177831	-0.009132	113
6440.390989	235.124985	1.178388	-0.009004	115
6442.447685	235.153687	1.178468	-0.009233	117
6444.504514	235.184830	1.177820	-0.009646	119
6446.561455	235.198364	1.178881	-0.009508	121
6448.618085	235.173569	1.177116	-0.009932	123
6450.674592	235.131500	1.175941	-0.009761	125
6452.730653	235.082993	1.174931	-0.009826	127
6454.786679	235.029938	1.174573	-0.009884	129
6456.842500	234.982727	1.172821	-0.010014	131
6458.899564	235.091156	1.171995	-0.011016	133
6460.954913	234.999527	1.170393	-0.009983	135
6463.010661	235.018768	1.168954	-0.009993	137
6465.066308	235.038162	1.168774	-0.009651	139
6467.122001	235.048798	1.166021	-0.010405	141
6469.177452	235.096878	1.165684	-0.010569	143
6471.233018	235.121689	1.164057	-0.010553	145
6473.288284	235.132248	1.162583	-0.010742	147
6475.343264	235.123947	1.160825	-0.011056	149
6477.397929	235.072281	1.160210	-0.010927	151
6479.452424	234.894806	1.158397	-0.011172	153
6481.506835	234.758713	1.157046	-0.010988	155
6483.561188	234.609650	1.154196	-0.010944	157
6485.616473	234.478500	1.149848	-0.011253	159
6487.671734	234.470032	1.146964	-0.011069	161
6489.727490	234.453598	1.145473	-0.011464	163
