crossing time (s)	slope (V/s)	crossing number
4157.907696	3.812608	3090
4158.980863	4.164010	3091
4159.942242	4.053483	3092
4161.008179	4.147076	3093
4161.977917	4.008801	3094
4163.039015	4.199853	3095
4164.010070	3.899697	3096
4165.070046	4.098766	3097
4166.042728	3.884526	3098
4167.103145	4.166617	3099
4168.073750	3.950379	3100
4169.138514	4.277262	3101
4170.104004	4.055948	3102
4171.174155	4.142210	3103
4172.131313	4.152178	3104
4173.208924	4.021032	3105
4174.160091	4.104350	3106
4175.244936	3.861305	3107
4176.189509	4.031162	3108
4177.280551	3.727799	3109
4178.218437	3.810079	3110
4179.313949	3.816042	3111
4180.250313	3.882797	3112
4181.349053	4.035290	3113
4182.282697	4.082393	3114
4183.379479	3.509277	3115
4184.315389	4.256448	3116
4185.410258	3.612878	3117
4186.352127	4.179470	3118
4187.440114	3.731011	3119
4188.390695	4.018855	3120
4189.468929	3.902987	3121
4190.425303	3.730017	3122
4191.495992	4.504797	3123
4192.463360	3.906227	3124
4193.529228	4.467591	3125
4194.498331	3.733943	3126
4195.558035	4.222077	3127
4196.533590	3.827065	3128
4197.590144	4.124351	3129
4198.569408	3.762924	3130
4199.620987	4.169441	3131
4200.600214	3.954321	3132
4201.653669	4.338758	3133
4202.633276	4.000199	3134
4203.686821	4.288964	3135
4204.665129	3.996849	3136
4205.722684	3.950964	3137
4206.696006	4.083949	3138
4207.756226	3.956600	3139
4208.726685	4.118765	3140
4209.792380	4.013825	3141
4210.754813	4.057559	3142
4211.828051	4.095776	3143
4212.784218	4.033258	3144
4213.864557	3.956920	3145
4214.812416	4.137160	3146
4215.900438	3.859879	3147
4216.841493	4.228009	3148
4217.935394	3.944327	3149
4218.871173	4.189445	3150
4219.971138	4.024124	3151
4220.902281	4.297064	3152
4222.003191	4.006320	3153
4222.935039	4.352245	3154
4224.034916	4.113696	3155
4224.969225	4.264246	3156
4226.064345	4.143054	3157
4227.005577	3.938145	3158
4228.094543	4.160538	3159
4229.041049	3.889263	3160
4230.125155	4.192020	3161
4231.076567	3.946188	3162
4232.154905	4.312693	3163
4233.112325	4.239275	3164
4234.184485	4.487550	3165
4235.146694	4.361402	3166
4236.215969	4.483330	3167
4237.179365	4.349674	3168
4238.246312	4.388256	3169
4239.210053	4.331617	3170
4240.279283	4.506556	3171
4241.241449	4.293537	3172
4242.312403	4.422510	3173
4243.270564	4.479567	3174
4244.346232	4.424794	3175
4245.300972	4.476012	3176
4246.378712	4.282420	3177
4247.332429	4.325398	3178
4248.416082	4.393084	3179
4249.360931	4.287212	3180
4250.451034	4.448530	3181
4251.391140	4.237998	3182
4252.486382	4.415143	3183
4253.422214	4.378213	3184
4254.520953	4.339130	3185
4255.454470	4.651436	3186
4256.555137	4.378775	3187
4257.487365	4.752465	3188
4258.586419	4.285767	3189
4259.523224	4.878879	3190
4260.617637	4.190572	3191
4261.555826	4.665720	3192
4262.648583	4.266848	3193
4263.590120	4.668133	3194
4264.679275	4.372662	3195
4265.623929	4.829208	3196
4266.709235	4.617160	3197
4267.661132	4.919920	3198
4268.740007	4.720721	3199
4269.695575	4.860911	3200
4270.772587	4.790474	3201
4271.728331	4.863651	3202
4272.804376	4.986692	3203
4273.762350	4.755792	3204
4274.836730	4.870777	3205
4275.793710	4.856399	3206
4276.869347	4.986921	3207
4277.824665	4.828473	3208
4278.902453	4.983464	3209
4279.856463	4.926594	3210
4280.935429	4.976226	3211
4281.887767	5.027154	3212
4282.970315	4.904991	3213
4283.917306	5.033648	3214
4285.005610	4.855748	3215
4285.949320	5.164873	3216
4287.038241	4.846357	3217
4287.979599	5.129841	3218
4289.072654	4.770021	3219
4290.010133	5.106822	3220
4291.105000	4.809624	3221
4292.042907	5.340819	3222
4293.136916	4.879313	3223
4294.076965	5.389843	3224
4295.168122	5.115281	3225
4296.109461	5.324558	3226
4297.200461	5.047096	3227
4298.143653	5.272492	3228
4299.228165	5.149353	3229
4300.178675	5.036218	3230
4301.258623	5.286400	3231
4302.213649	5.186180	3232
4303.292040	5.543996	3233
4304.251216	5.549913	3234
4305.318692	5.427072	3235
4306.283643	5.496048	3236
4307.351046	5.342540	3237
4308.317432	5.953469	3238
4309.383651	5.776542	3239
4310.352325	5.058403	3240
4311.414239	5.557130	3241
4312.384069	5.655374	3242
4313.446768	5.787507	3243
4314.414498	5.816071	3244
4315.479288	5.712964	3245
4316.446593	5.912742	3246
4317.513781	5.797077	3247
4318.475141	5.918402	3248
4319.547594	5.705382	3249
4320.506263	6.069839	3250
4321.583075	5.638037	3251
4322.536713	5.942689	3252
4323.617153	5.736705	3253
4324.567057	5.943917	3254
4325.650122	5.826335	3255
4326.598395	5.941052	3256
4327.683675	5.913184	3257
4328.630698	6.135877	3258
4329.717191	5.918768	3259
4330.663459	6.098333	3260
4331.749548	5.731122	3261
4332.695520	6.190623	3262
4333.781205	5.843028	3263
4334.728065	6.117291	3264
4335.812891	5.913492	3265
4336.760083	6.212528	3266
4337.844036	5.988913	3267
4338.793046	6.240894	3268
4339.875618	6.129839	3269
4340.825681	6.249971	3270
4341.907918	6.173368	3271
4342.858096	6.341114	3272
4343.939640	6.197477	3273
4344.891497	6.469974	3274
4345.972507	6.234106	3275
4346.923658	6.748391	3276
4348.004627	6.464017	3277
4348.956300	6.333361	3278
4350.037780	6.409177	3279
4350.987858	6.441036	3280
4352.070024	6.328975	3281
4353.021008	6.596430	3282
4354.103484	6.246531	3283
4355.053160	6.639544	3284
4356.136038	6.398465	3285
4357.085788	6.608063	3286
4358.168939	6.509369	3287
4359.115922	6.657582	3288
4360.201834	6.406720	3289
4361.148168	6.700189	3290
4362.233772	6.523313	3291
4363.180464	6.689598	3292
4364.264234	6.514376	3293
4365.213011	6.784576	3294
4366.295797	6.437300	3295
4367.246793	6.696554	3296
4368.325662	6.555190	3297
4369.280630	6.628929	3298
4370.355000	6.403422	3299
4371.315155	7.046070	3300
4372.386921	6.517082	3301
4373.349888	6.992573	3302
4374.417167	7.317885	3303
4375.383544	6.709391	3304
4376.449737	6.934849	3305
4377.416448	7.071465	3306
4378.480395	7.000234	3307
4379.448672	7.195928	3308
4380.511723	7.078673	3309
4381.482087	7.141714	3310
4382.544483	7.463233	3311
4383.513701	6.994154	3312
4384.576249	7.343973	3313
4385.545644	7.358945	3314
4386.609404	7.455929	3315
4387.576704	7.148798	3316
4388.641632	7.444891	3317
4389.608043	6.855280	3318
4390.676237	7.352491	3319
4391.636626	7.174726	3320
4392.708983	7.141035	3321
4393.668009	7.318056	3322
4394.743365	7.092781	3323
4395.699241	7.411229	3324
4396.777640	7.199624	3325
4397.730208	7.248662	3326
4398.810771	7.236487	3327
4399.762691	7.316326	3328
4400.842818	7.255556	3329
4401.794374	7.349132	3330
4402.875728	7.269551	3331
4403.826600	7.502661	3332
4404.907584	7.248465	3333
4405.859154	7.508081	3334
4406.939556	7.346446	3335
4407.890759	7.490773	3336
4408.970601	7.319522	3337
4409.924502	7.455334	3338
4411.003397	7.570508	3339
4411.956592	7.510167	3340
4413.033645	7.537424	3341
4413.988577	7.553941	3342
4415.065511	7.492650	3343
4416.020743	7.581015	3344
4417.098309	7.540840	3345
4418.052754	7.602239	3346
4419.129624	7.532294	3347
4420.084198	7.637046	3348
4421.162010	7.654309	3349
4422.115446	7.649825	3350
4423.194244	7.679592	3351
4424.147390	7.587060	3352
4425.226466	7.753417	3353
4426.179136	7.561993	3354
4427.258192	7.481045	3355
4428.211451	7.781190	3356
4429.289966	7.771138	3357
4430.244431	7.675740	3358
4431.321941	7.911369	3359
4432.277141	7.703737	3360
4433.352721	7.662715	3361
4434.310587	7.888647	3362
4435.385625	7.932055	3363
4436.343013	7.563690	3364
4437.415632	7.956845	3365
4438.378488	7.810399	3366
4439.446989	7.918180	3367
4440.411586	7.674584	3368
4441.476876	8.065585	3369
4442.444304	7.861429	3370
4443.507402	8.241406	3371
4444.477155	7.812224	3372
4445.538604	8.246685	3373
4446.508779	7.841698	3374
4447.570830	8.155804	3375
4448.540377	7.915018	3376
4449.603304	8.240234	3377
4450.571979	7.989752	3378
4451.635477	8.201193	3379
4452.602978	7.931852	3380
4453.668083	8.177225	3381
4454.633998	7.998919	3382
4455.701315	8.186561	3383
4456.665380	8.082895	3384
4457.734308	8.140986	3385
4458.696238	8.082384	3386
4459.767706	8.125787	3387
4460.727288	8.091073	3388
4461.801644	8.130092	3389
4462.759050	8.057867	3390
4463.833869	8.027687	3391
4464.789882	8.110006	3392
4465.866391	8.112449	3393
4466.819762	8.027040	3394
4467.898587	8.133336	3395
4468.852026	8.068968	3396
4469.930235	8.141155	3397
4470.885101	8.229854	3398
4471.962481	8.172353	3399
4472.916236	8.212950	3400
4473.995134	8.202244	3401
4474.948909	8.266834	3402
4476.026765	8.307844	3403
4476.980357	8.284546	3404
4478.059497	8.231405	3405
4479.013634	8.206812	3406
4480.091631	8.338090	3407
4481.046225	8.219360	3408
4482.123371	8.302367	3409
4483.077153	8.176142	3410
4484.155634	8.365955	3411
4485.110415	8.394610	3412
4486.187660	8.258355	3413
4487.142009	8.326555	3414
4488.217928	8.283543	3415
4489.173647	8.368154	3416
4490.251394	8.370926	3417
4491.205934	8.308784	3418
4492.283330	8.119621	3419
4493.239914	8.432101	3420
4494.313255	8.502261	3421
4495.270365	8.232697	3422
4496.345256	8.319477	3423
4497.303989	8.452993	3424
4498.375658	8.369571	3425
4499.337816	8.455106	3426
4500.405860	8.464736	3427
4501.369463	8.371493	3428
4502.439166	8.478987	3429
4503.403143	8.402883	3430
4504.468924	8.518904	3431
4505.435971	8.491436	3432
4506.500231	8.665918	3433
4507.467576	8.500665	3434
4508.531606	8.734285	3435
4509.500888	8.381786	3436
4510.564790	8.783509	3437
4511.534018	8.517745	3438
4512.597127	8.629777	3439
4513.565033	8.466148	3440
4514.629593	8.484818	3441
