time (s)	coil I (A)	last det (V)	int current (uC)
3748.237789	1.072419	0.437013	468.647278
3748.238655	1.517948	0.437013	1783.190186
3748.239799	1.503281	0.437013	3502.943848
3748.240758	1.462665	0.437013	4905.639648
3748.241632	1.426630	0.437013	6152.513672
3748.242661	1.386171	0.437013	7578.883301
3748.243702	1.347290	0.437013	8981.412109
3748.244603	1.314565	0.437013	10165.835937
3748.245555	0.744459	0.437013	10874.561523
3748.246623	0.088748	0.437013	10969.343750
3748.247567	0.085778	0.437013	11050.317383
3748.248427	0.085803	0.437013	11124.108398
3748.249489	0.085935	0.437013	11215.371094
3748.250482	0.085763	0.437013	11300.533203
3748.251366	0.085854	0.437013	11376.428711
3748.252338	0.085895	0.437013	11459.917969
3748.253370	0.085884	0.437013	11548.549805
3748.254288	0.085928	0.437013	11627.431641
3748.255146	0.085964	0.437013	11701.189453
3749.267170	1.074093	0.439431	485.490021
3749.268052	1.519402	0.439431	1825.602417
3749.268914	1.512151	0.439431	3129.076660
3749.270021	1.467934	0.439431	4754.080078
3749.270923	1.430090	0.439431	6044.021484
3749.271799	1.395154	0.439431	7266.176270
3749.272784	1.357786	0.439431	8603.595703
3749.273794	1.320736	0.439431	9937.539062
3749.274691	1.012654	0.439431	10845.889648
3749.275559	0.126973	0.439431	10956.101562
3749.276660	0.085774	0.439431	11050.539062
3749.277579	0.085825	0.439431	11129.412109
3749.278459	0.085844	0.439431	11204.954102
3749.279446	0.085873	0.439431	11289.710937
3749.280448	0.085822	0.439431	11375.704102
3749.281337	0.085862	0.439431	11452.035156
3749.282198	0.085840	0.439431	11525.943359
3749.283283	0.085862	0.439431	11619.103516
3749.284197	0.085851	0.439431	11697.571289
3750.294728	1.034235	0.439777	448.857849
3750.295588	1.516754	0.439777	1753.266357
3750.296625	1.508452	0.439777	3317.531250
3750.297542	1.468641	0.439777	4664.275391
3750.298481	1.430819	0.439777	6007.814453
3750.299348	1.395267	0.439777	7217.511230
3750.300388	1.356918	0.439777	8628.706055
3750.301285	1.323951	0.439777	9816.290039
3750.302169	1.126252	0.439777	10811.897461
3750.303158	0.148561	0.439777	10958.824219
3750.304088	0.085774	0.439777	11038.593750
3750.305010	0.085854	0.439777	11117.751953
3750.305870	0.085858	0.439777	11191.589844
3750.306910	0.085895	0.439777	11280.919922
3750.307797	0.085847	0.439777	11357.066406
3750.308662	0.085906	0.439777	11431.375000
3750.309618	0.085953	0.439777	11513.546875
3750.310571	0.085803	0.439777	11595.317383
3750.311498	0.085840	0.439777	11674.890625
3751.324605	1.026892	0.423986	436.429138
3751.325655	1.521500	0.423986	2034.004395
3751.326691	1.501622	0.423986	3589.685059
3751.327575	1.463569	0.423986	4883.480469
3751.328498	1.425535	0.423986	6199.249023
3751.329555	1.384292	0.423986	7662.445801
3751.330505	1.348579	0.423986	8943.595703
3751.331371	1.316759	0.423986	10083.909180
3751.332411	0.698478	0.423986	10810.326172
3751.333442	0.088590	0.423986	10901.662109
3751.334325	0.085833	0.423986	10977.452148
3751.335288	0.085854	0.423986	11060.129883
3751.336338	0.085862	0.423986	11150.285156
3751.337274	0.085873	0.423986	11230.662109
3751.338141	0.085869	0.423986	11305.110352
3751.339200	0.085968	0.423986	11396.150391
3751.340196	0.085807	0.423986	11481.614258
3751.341094	0.085887	0.423986	11558.741211
3751.342057	0.085891	0.423986	11641.454102
3752.352306	1.132767	0.432723	598.101135
3752.353346	1.525858	0.432723	2184.993408
3752.354226	1.503076	0.432723	3507.700195
3752.355199	1.462420	0.432723	4930.634277
3752.356255	1.418712	0.432723	6428.794434
3752.357190	1.382135	0.432723	7721.090820
3752.358066	1.348685	0.432723	8902.539062
3752.359131	1.310669	0.432723	10298.401367
3752.360139	0.510157	0.432723	10812.639648
3752.361030	0.087773	0.432723	10890.845703
3752.362019	0.085792	0.432723	10975.694336
3752.363072	0.085840	0.432723	11066.083984
3752.363980	0.085869	0.432723	11144.052734
3752.364843	0.085909	0.432723	11218.192383
3752.365956	0.086074	0.432723	11313.993164
3752.366942	0.085847	0.432723	11398.638672
3752.367807	0.085986	0.432723	11473.016602
3752.368894	0.085990	0.432723	11566.487305
3752.369926	0.085884	0.432723	11655.119141
3753.380062	1.074283	0.420493	483.427551
3753.380945	1.520006	0.420493	1825.593018
3753.381947	1.507745	0.420493	3336.354004
3753.383011	1.463207	0.420493	4893.206055
3753.383920	1.425590	0.420493	6189.066895
3753.384790	1.389701	0.420493	7398.106445
3753.385895	1.349722	0.420493	8889.548828
3753.386874	1.314489	0.420493	10176.433594
3753.387753	0.819822	0.420493	10897.056641
3753.388783	0.092336	0.420493	10992.163086
3753.389810	0.085902	0.420493	11080.384766
3753.390703	0.085807	0.420493	11157.010742
3753.391599	0.085811	0.420493	11233.897461
3753.392657	0.085847	0.420493	11324.723633
3753.393617	0.085800	0.420493	11407.090820
3753.394479	0.085807	0.420493	11481.056641
3753.395525	0.085942	0.420493	11570.952148
3753.396549	0.085778	0.420493	11658.788086
3753.397433	0.085811	0.420493	11734.644531
3754.408372	1.034916	0.420139	432.594818
3754.409476	1.524500	0.420139	2115.642334
3754.410402	1.503409	0.420139	3507.799316
3754.411287	1.465950	0.420139	4805.165039
3754.412298	1.425110	0.420139	6245.951172
3754.413297	1.385171	0.420139	7629.736816
3754.414186	1.351641	0.420139	8831.345703
3754.415049	1.319172	0.420139	9969.791016
3754.416148	0.755713	0.420139	10800.319336
3754.417054	0.093365	0.420139	10884.908203
3754.417922	0.085770	0.420139	10959.356445
3754.418897	0.085950	0.420139	11043.157227
3754.419905	0.085854	0.420139	11129.698242
3754.420800	0.085876	0.420139	11206.557617
3754.421662	0.085851	0.420139	11280.560547
3754.422746	0.085931	0.420139	11373.709961
3754.423676	0.085833	0.420139	11453.534180
3754.424552	0.085807	0.420139	11528.701172
3754.425525	0.085880	0.420139	11612.262695
3755.438883	1.126179	0.407526	569.846619
3755.439888	1.526052	0.407526	2103.529053
3755.440793	1.504442	0.407526	3465.049316
3755.441807	0.544047	0.407526	4016.712646
3755.442855	0.086510	0.407526	4107.375000
3755.443748	0.085811	0.407526	4184.003906
3755.444610	0.085931	0.407526	4258.076660
3755.445712	0.085990	0.407526	4352.837402
3755.446669	0.085913	0.407526	4435.056152
3755.447590	0.085840	0.407526	4514.114746
3755.448469	0.085884	0.407526	4589.606445
3755.449349	0.085851	0.407526	4665.155273
3755.450343	0.085898	0.407526	4750.538086
3755.451245	0.085840	0.407526	4827.965820
3756.468750	1.103599	0.406249	560.628113
3756.469740	1.525598	0.406249	2070.970215
3756.470636	1.505918	0.406249	3420.272705
3756.471644	0.596393	0.406249	4021.436523
3756.472691	0.086792	0.406249	4112.307617
3756.473598	0.085928	0.406249	4190.244141
3756.474458	0.085975	0.406249	4264.183105
3756.475558	0.086041	0.406249	4358.828613
3756.476521	0.085884	0.406249	4441.534668
3756.477394	0.085833	0.406249	4516.466309
3756.478402	0.086078	0.406249	4603.232910
3756.479448	0.085957	0.406249	4693.144043
3756.480330	0.085836	0.406249	4768.851562
3756.481191	0.085953	0.406249	4842.857422
3757.494834	1.123561	0.410121	610.093506
3757.495899	1.525785	0.410121	2235.054443
3757.496793	1.501077	0.410121	3577.017090
3757.497672	0.553557	0.410121	4063.593750
3757.498771	0.086525	0.410121	4158.684570
3757.499737	0.085869	0.410121	4241.634277
3757.500615	0.085935	0.410121	4317.085449
3757.501614	0.086074	0.410121	4403.073730
3757.502661	0.085913	0.410121	4493.024902
3757.503551	0.085913	0.410121	4569.487305
3757.504424	0.086023	0.410121	4644.585449
3757.505516	0.086027	0.410121	4738.526367
3757.506479	0.085935	0.410121	4821.281738
3757.507344	0.085990	0.410121	4895.663086
3758.525456	1.106645	0.411184	554.429382
3758.526410	1.524562	0.411184	2008.861328
3758.527287	1.508060	0.411184	3331.430176
3758.528331	0.603849	0.411184	3961.848389
3758.529361	0.086975	0.411184	4051.432617
3758.530260	0.085990	0.411184	4128.737793
3758.531206	0.086067	0.411184	4210.157227
3758.532259	0.086074	0.411184	4300.793457
3758.533195	0.085876	0.411184	4381.173828
3758.534056	0.085957	0.411184	4455.182617
3758.535120	0.086016	0.411184	4546.703125
3758.536135	0.085865	0.411184	4633.856445
3758.537018	0.085851	0.411184	4709.662598
3758.537997	0.086016	0.411184	4793.872070
3759.550671	1.048722	0.411663	460.388916
3759.551544	1.517684	0.411663	1785.327393
3759.552525	1.511001	0.411663	3267.619385
3759.553461	0.837788	0.411663	4051.789062
3759.554328	0.095240	0.411663	4134.362793
3759.555187	0.085858	0.411663	4208.114746
3759.556223	0.085876	0.411663	4297.083008
3759.557148	0.085774	0.411663	4376.423828
3759.558020	0.085953	0.411663	4451.375000
3759.559093	0.085950	0.411663	4543.599121
3759.560004	0.085902	0.411663	4621.855957
3759.560886	0.085920	0.411663	4697.637695
3759.561752	0.086016	0.411663	4772.127441
3759.562805	0.085942	0.411663	4862.625000
3760.582638	1.092850	0.410008	512.546814
3760.583521	1.520449	0.410008	1855.103516
3760.584523	1.507771	0.410008	3365.890137
3760.585571	0.577789	0.410008	3971.413330
3760.586471	0.087876	0.410008	4050.501709
3760.587328	0.085833	0.410008	4124.060059
3760.588422	0.086027	0.410008	4218.173340
3760.589409	0.085902	0.410008	4302.958496
3760.590284	0.085767	0.410008	4378.004395
3760.591273	0.086005	0.410008	4463.062988
3760.592340	0.085961	0.410008	4554.783203
3760.593222	0.085968	0.410008	4630.606934
3760.594090	0.085931	0.410008	4705.195312
3760.595194	0.086060	0.410008	4800.205078
3761.606092	1.035070	0.420884	453.360474
3761.606955	1.517018	0.420884	1762.546875
3761.607992	1.508031	0.420884	3326.375000
3761.609036	0.613334	0.420884	3966.695312
3761.609910	0.088704	0.420884	4044.222168
3761.610837	0.085924	0.420884	4123.874023
3761.611899	0.085942	0.420884	4215.145020
3761.612838	0.085972	0.420884	4295.872559
3761.613706	0.085968	0.420884	4370.492676
3761.614754	0.085920	0.420884	4460.537109
3761.615774	0.085913	0.420884	4548.168457
3761.616667	0.085898	0.420884	4624.875977
3761.617615	0.085994	0.420884	4706.397949
3761.618671	0.086016	0.420884	4797.230469
3762.640821	1.033975	0.402660	433.235321
3762.641899	1.523646	0.402660	2075.725830
3762.642807	1.505028	0.402660	3442.291504
3762.643695	0.712178	0.402660	4074.705322
3762.644671	0.091666	0.402660	4164.171387
3762.645687	0.085909	0.402660	4251.455566
3762.646574	0.085913	0.402660	4327.660645
3762.647437	0.085898	0.402660	4401.791016
3762.648500	0.086027	0.402660	4493.237305
3762.649437	0.085906	0.402660	4573.730957
3762.650314	0.085975	0.402660	4649.131348
3762.651267	0.086071	0.402660	4731.156738
3762.652300	0.085928	0.402660	4819.919922
3762.653181	0.085917	0.402660	4895.612793
3763.660847	1.108165	0.415039	597.301147
3763.661902	1.525375	0.415039	2206.571533
3763.662815	1.501205	0.415039	3577.171387
3763.663680	0.574779	0.415039	4074.355225
3763.664762	0.086990	0.415039	4168.478027
3763.665757	0.085979	0.415039	4254.027344
3763.666629	0.085957	0.415039	4328.981934
3763.667610	0.086074	0.415039	4413.420898
3763.668669	0.086005	0.415039	4504.500000
3763.669567	0.085990	0.415039	4581.719238
3763.670429	0.086008	0.415039	4655.858398
3763.671535	0.086151	0.415039	4751.141602
3763.672502	0.085946	0.415039	4834.251465
3763.673372	0.085994	0.415039	4909.065918
3764.697918	1.146855	0.401536	622.742493
3764.698918	1.526147	0.401536	2148.889893
3764.699803	1.504039	0.401536	3479.964844
3764.700810	0.558248	0.401536	4042.120850
3764.701850	0.086667	0.401536	4132.254883
3764.702741	0.085880	0.401536	4208.773926
3764.703598	0.085847	0.401536	4282.344727
3764.704679	0.086063	0.401536	4375.378906
3764.705678	0.085928	0.401536	4461.220703
3764.706554	0.085953	0.401536	4536.515625
3764.707532	0.086001	0.401536	4620.624512
3764.708572	0.085935	0.401536	4709.997070
3764.709470	0.085920	0.401536	4787.153809
3764.710328	0.085983	0.401536	4860.926758
3765.715662	1.040757	0.424034	455.851501
3765.716526	1.517300	0.424034	1766.798584
3765.717567	1.507844	0.424034	3336.464355
3765.718608	0.592551	0.424034	3953.310303
3765.719489	0.088656	0.424034	4031.416260
3765.720424	0.085887	0.424034	4111.721191
3765.721483	0.086005	0.424034	4202.800293
3765.722430	0.085939	0.424034	4284.184082
3765.723291	0.085968	0.424034	4358.202637
3765.724317	0.086118	0.424034	4446.560059
3765.725332	0.085972	0.424034	4533.821289
3765.726221	0.085964	0.424034	4610.243652
3765.727162	0.086052	0.424034	4691.218750
3765.728223	0.086060	0.424034	4782.527832
3766.755551	1.050710	0.408614	466.515442
3766.756430	1.518138	0.408614	1800.958984
3766.757293	1.513619	0.408614	3107.212402
3766.758349	0.804159	0.408614	3956.404297
3766.759247	0.093252	0.408614	4040.144531
3766.760113	0.085840	0.408614	4114.481934
3766.761125	0.086093	0.408614	4201.607422
3766.762128	0.085909	0.408614	4287.774414
3766.763032	0.085975	0.408614	4365.496094
3766.763896	0.086023	0.408614	4439.819824
3766.765005	0.085986	0.408614	4535.178711
3766.765904	0.085972	0.408614	4612.467285
3766.766784	0.085880	0.408614	4688.041992
3766.767769	0.086052	0.408614	4772.803223
3767.770919	1.119492	0.422733	579.896973
3767.771937	1.525653	0.422733	2133.011719
3767.772816	1.504329	0.422733	3455.316406
3767.773805	0.582477	0.422733	4031.385986
3767.774853	0.086744	0.422733	4122.293945
3767.775760	0.085950	0.422733	4200.250488
3767.776625	0.085979	0.422733	4274.622559
3767.777720	0.086019	0.422733	4368.813477
3767.778690	0.085906	0.422733	4452.142090
3767.779571	0.085884	0.422733	4527.805664
3767.780569	0.086012	0.422733	4613.645508
3767.781621	0.085964	0.422733	4704.080078
3767.782519	0.085913	0.422733	4781.229980
3767.783395	0.086027	0.422733	4856.589355
3768.812474	1.024138	0.412239	430.138062
3768.813398	1.515604	0.412239	1830.556396
3768.814472	1.504658	0.412239	3446.559326
3768.815425	0.600055	0.412239	4018.411621
3768.816288	0.089290	0.412239	4095.468506
3768.817338	0.086008	0.412239	4185.777344
3768.818361	0.085961	0.412239	4273.715332
3768.819263	0.085851	0.412239	4351.152832
3768.820212	0.085939	0.412239	4432.708496
3768.821261	0.086001	0.412239	4522.923340
3768.822197	0.085983	0.412239	4603.403320
3768.823056	0.085854	0.412239	4677.152344
3768.824119	0.085979	0.412239	4768.547852
3768.825129	0.085917	0.412239	4855.323730
3769.826866	1.109674	0.421750	603.662720
3769.827930	1.525397	0.421750	2226.684814
3769.828849	1.500234	0.421750	3605.400146
3769.829713	0.544764	0.421750	4076.076660
3769.830819	0.086840	0.421750	4172.121094
3769.831810	0.086030	0.421750	4257.376953
3769.832694	0.085990	0.421750	4333.392090
3769.833703	0.086111	0.421750	4420.277832
3769.834755	0.086023	0.421750	4510.773926
3769.835636	0.085920	0.421750	4586.469727
3769.836493	0.086041	0.421750	4660.207031
3769.837596	0.086169	0.421750	4755.251953
3769.838562	0.085961	0.421750	4838.290039
3769.839424	0.085968	0.421750	4912.394531
3770.869177	1.030258	0.402676	437.859467
3770.870160	1.517823	0.402676	1929.880005
3770.871226	1.502351	0.402676	3531.386230
3770.872151	0.542483	0.402676	4033.182861
3770.873016	0.088627	0.402676	4109.844727
3770.874129	0.086078	0.402676	4205.649414
3770.875102	0.085913	0.402676	4289.242676
3770.875974	0.085931	0.402676	4364.174805
3770.877037	0.086082	0.402676	4455.679687
3770.878077	0.085964	0.402676	4545.082520
3770.878971	0.085961	0.402676	4621.931152
3770.879893	0.085957	0.402676	4701.183594
3770.880942	0.085953	0.402676	4791.348633
3770.881887	0.085909	0.402676	4872.533203
3771.881467	1.097417	0.418495	521.273071
3771.882349	1.520413	0.418495	1862.276978
3771.883225	1.511883	0.418495	3186.687012
3771.884233	0.810216	0.418495	4003.384766
3771.885162	0.091732	0.418495	4088.604004
3771.886069	0.085840	0.418495	4166.460937
3771.886946	0.085961	0.418495	4241.848633
3771.887964	0.086019	0.418495	4329.416504
3771.888859	0.085873	0.418495	4406.272461
3771.889735	0.085972	0.418495	4481.583496
3771.890641	0.086016	0.418495	4559.513672
3771.891636	0.085854	0.418495	4644.938965
3771.892552	0.085851	0.418495	4723.578125
3771.893434	0.085950	0.418495	4799.385742
3772.925391	1.045972	0.401524	450.813782
3772.926290	1.516677	0.401524	1814.306641
3772.927376	1.504622	0.401524	3448.325684
3772.928332	0.596360	0.401524	4018.445801
3772.929192	0.089202	0.401524	4095.159180
3772.930236	0.085983	0.401524	4184.925293
3772.931263	0.085939	0.401524	4273.184570
3772.932141	0.085906	0.401524	4348.609863
3772.933063	0.085931	0.401524	4427.838379
3772.934118	0.085994	0.401524	4518.561523
3772.935056	0.085887	0.401524	4599.124023
3772.935922	0.085950	0.401524	4673.556641
3772.936957	0.085994	0.401524	4762.560059
3772.937972	0.085924	0.401524	4849.772949
3773.938614	1.021545	0.412425	428.027527
3773.939527	1.515388	0.412425	1811.576904
3773.940623	1.503966	0.412425	3459.923828
3773.941579	0.578705	0.412425	4013.165527
3773.942444	0.088953	0.412425	4090.109619
3773.943471	0.086005	0.412425	4178.436523
3773.944484	0.085975	0.412425	4265.529297
3773.945376	0.085928	0.412425	4342.176758
3773.946306	0.085975	0.412425	4422.133789
3773.947381	0.086001	0.412425	4514.584961
3773.948321	0.085964	0.412425	4595.391602
3773.949181	0.085950	0.412425	4669.308594
3773.950243	0.086104	0.412425	4760.750488
3773.951242	0.085986	0.412425	4846.650879
3774.981574	1.037047	0.393423	446.967316
3774.982441	1.516483	0.393423	1761.758179
3774.983516	1.506145	0.393423	3380.864014
3774.984529	0.561888	0.393423	3950.057129
3774.985427	0.088202	0.393423	4029.262451
3774.986409	0.085975	0.393423	4113.690430
3774.987455	0.085913	0.393423	4203.555664
3774.988367	0.085880	0.393423	4281.878418
3774.989229	0.085964	0.393423	4355.979492
3774.990318	0.086019	0.393423	4449.654297
3774.991309	0.085884	0.393423	4534.765137
3774.992205	0.085924	0.393423	4611.752930
3774.993203	0.085990	0.393423	4697.570801
3774.994240	0.085942	0.393423	4786.692871
3775.994344	1.079399	0.412372	505.158905
3775.995226	1.520043	0.412372	1845.836670
3775.996089	1.511906	0.412372	3150.611328
3775.997171	0.722761	0.412372	3932.638916
3775.998108	0.089553	0.412372	4016.550293
3775.998988	0.085796	0.412372	4092.050781
3775.999933	0.085990	0.412372	4173.311523
3776.000962	0.085931	0.412372	4261.734863
3776.001855	0.085928	0.412372	4338.468262
3776.002714	0.085920	0.412372	4412.273926
3776.003787	0.085931	0.412372	4504.478516
3776.004716	0.085887	0.412372	4584.268066
3776.005588	0.085858	0.412372	4659.136230
3776.006525	0.085942	0.412372	4739.664062
3777.037565	1.091276	0.384162	519.447205
3777.038450	1.520585	0.384162	1865.164551
3777.039320	1.511807	0.384162	3180.436523
3777.040298	0.854198	0.384162	4015.842285
3777.041245	0.092747	0.384162	4103.673340
3777.042174	0.085862	0.384162	4183.438965
3777.043050	0.085939	0.384162	4258.721191
3777.044078	0.085928	0.384162	4347.054687
3777.044973	0.085961	0.384162	4423.989746
3777.045847	0.085887	0.384162	4499.055176
3777.046740	0.085990	0.384162	4575.844238
3777.047757	0.085957	0.384162	4663.262695
3777.048645	0.085891	0.384162	4739.534180
3777.049514	0.085924	0.384162	4814.202148
3778.050325	1.108414	0.409742	559.749207
3778.051257	1.523463	0.409742	1979.616943
3778.052120	1.508342	0.409742	3281.316406
3778.053203	0.613949	0.409742	3946.223145
3778.054211	0.086953	0.409742	4033.871826
3778.055088	0.085869	0.409742	4109.179199
3778.056065	0.086038	0.409742	4193.237793
3778.057129	0.085931	0.409742	4284.668945
3778.058021	0.085917	0.409742	4361.306641
3778.058891	0.085953	0.409742	4436.085937
3778.059967	0.086082	0.409742	4528.709473
3778.060956	0.085913	0.409742	4613.677734
3778.061853	0.085917	0.409742	4690.745117
3778.062848	0.086052	0.409742	4776.367187
3779.093770	1.092118	0.380738	547.151062
3779.094658	1.522581	0.380738	1899.202637
3779.095520	1.509463	0.380738	3200.359863
3779.096634	0.626990	0.380738	3898.826416
3779.097606	0.087444	0.380738	3983.821777
3779.098476	0.085858	0.380738	4058.518311
3779.099551	0.085986	0.380738	4150.953613
3779.100588	0.085902	0.380738	4240.034180
3779.101480	0.085876	0.380738	4316.635742
3779.102408	0.085997	0.380738	4396.441406
3779.103452	0.085913	0.380738	4486.134766
3779.104392	0.085822	0.380738	4566.807129
3779.105255	0.085880	0.380738	4640.921875
3779.106294	0.085997	0.380738	4730.272949
3780.106532	1.130508	0.409230	593.516602
3780.107512	1.525426	0.409230	2088.434082
3780.108385	1.506295	0.409230	3403.429687
3780.109448	0.527417	0.409230	3964.073975
3780.110494	0.086360	0.409230	4054.406494
3780.111386	0.085851	0.409230	4130.985352
3780.112326	0.086041	0.409230	4211.864258
3780.113392	0.086012	0.409230	4303.553223
3780.114336	0.085895	0.409230	4384.637695
3780.115201	0.085902	0.409230	4458.942871
3780.116247	0.085953	0.409230	4548.850098
3780.117258	0.085869	0.409230	4635.663574
3780.118144	0.085917	0.409230	4711.785645
3780.119090	0.086041	0.409230	4793.180664
3781.149726	1.116709	0.378333	569.521606
3781.150697	1.525430	0.378333	2050.713867
3781.151573	1.506903	0.378333	3370.760986
3781.152613	0.603710	0.378333	3998.619141
3781.153660	0.086938	0.378333	4089.643799
3781.154544	0.085928	0.378333	4165.604004
3781.155433	0.085920	0.378333	4241.987305
3781.156521	0.086023	0.378333	4335.580078
3781.157483	0.085884	0.378333	4418.200195
3781.158350	0.085895	0.378333	4492.670898
3781.159369	0.086063	0.378333	4580.369141
3781.160403	0.085909	0.378333	4669.199707
3781.161293	0.085939	0.378333	4745.685059
3781.162227	0.086071	0.378333	4826.075195
3782.163228	1.116229	0.413919	567.044495
3782.164163	1.523771	0.413919	1991.770020
3782.165031	1.508441	0.413919	3301.097168
3782.166002	0.750802	0.413919	4030.125977
3782.167017	0.088433	0.413919	4119.885254
3782.167908	0.085858	0.413919	4196.384766
3782.168774	0.085972	0.413919	4270.836426
3782.169829	0.086078	0.413919	4361.648437
3782.170772	0.085880	0.413919	4442.633301
3782.171647	0.085924	0.413919	4517.816895
3782.172579	0.085997	0.413919	4597.966309
3782.173620	0.085873	0.413919	4687.359863
3782.174501	0.085891	0.413919	4763.029785
3782.175362	0.085833	0.413919	4836.931641
3783.205562	1.028474	0.377749	434.016052
3783.206564	1.518464	0.377749	1955.517334
3783.207500	1.506628	0.377749	3365.721680
3783.208433	0.715375	0.377749	4033.166260
3783.209298	0.092183	0.377749	4112.904297
3783.210324	0.085836	0.377749	4200.972168
3783.211200	0.085913	0.377749	4276.231934
3783.212069	0.085822	0.377749	4350.811035
3783.213059	0.085887	0.377749	4435.839844
3783.213994	0.085887	0.377749	4516.144531
3783.214906	0.085906	0.377749	4594.490723
3783.215783	0.085928	0.377749	4669.849121
3783.216814	0.085873	0.377749	4758.383789
3783.217717	0.085873	0.377749	4835.926758
3784.218955	1.159677	0.412807	662.175293
3784.220008	1.525565	0.412807	2268.595215
3784.220897	1.500718	0.412807	3602.733398
3784.221793	0.547181	0.412807	4093.007812
3784.222898	0.086528	0.412807	4188.621582
3784.223845	0.085931	0.412807	4269.998535
3784.224704	0.085880	0.412807	4343.769531
3784.225744	0.086005	0.412807	4433.214355
3784.226780	0.086019	0.412807	4522.330566
3784.227656	0.085924	0.412807	4597.600098
3784.228593	0.085957	0.412807	4678.141602
3784.229651	0.086063	0.412807	4769.196289
3784.230583	0.085851	0.412807	4849.209473
3784.231450	0.085898	0.412807	4923.683594
3785.262154	1.159405	0.375030	658.542297
3785.263223	1.525924	0.375030	2289.755127
3785.264121	1.499722	0.375030	3636.505127
3785.265024	0.532954	0.375030	4117.762695
3785.266116	0.086462	0.375030	4212.179687
3785.267081	0.085865	0.375030	4295.040039
3785.267945	0.085946	0.375030	4369.297363
3785.268994	0.086038	0.375030	4459.550781
3785.270026	0.085942	0.375030	4548.243164
3785.270909	0.085968	0.375030	4624.152832
3785.271854	0.085906	0.375030	4705.333984
3785.272912	0.086012	0.375030	4796.334473
3785.273848	0.085887	0.375030	4876.725098
3785.274706	0.085928	0.375030	4950.451172
3786.275616	1.117998	0.410334	573.532959
3786.276644	1.525492	0.410334	2141.738770
3786.277529	1.504083	0.410334	3472.852539
3786.278518	0.609686	0.410334	4075.832275
3786.279554	0.086840	0.410334	4165.798340
3786.280472	0.085891	0.410334	4244.646484
3786.281329	0.085920	0.410334	4318.280273
3786.282391	0.085994	0.410334	4409.605469
3786.283388	0.085898	0.410334	4495.246094
3786.284262	0.085865	0.410334	4570.292480
3786.285235	0.085968	0.410334	4653.939453
3786.286285	0.086001	0.410334	4744.240234
3786.287200	0.085990	0.410334	4822.920898
3786.288064	0.085979	0.410334	4897.206543
3787.317684	1.020388	0.384911	426.522247
3787.318582	1.514956	0.384911	1786.952759
3787.319685	1.505160	0.384911	3447.144043
3787.320586	0.679713	0.384911	4059.565430
3787.321448	0.091084	0.384911	4138.079590
3787.322472	0.086041	0.384911	4226.186035
3787.323436	0.085913	0.384911	4309.006348
3787.324319	0.085924	0.384911	4384.877441
3787.325174	0.085917	0.384911	4458.336426
3787.326269	0.085942	0.384911	4552.443359
3787.327151	0.085924	0.384911	4628.228516
3787.328027	0.085920	0.384911	4703.494629
3787.329005	0.086093	0.384911	4787.693359
3787.330003	0.085865	0.384911	4873.387207
3788.330726	1.062814	0.414753	491.019897
3788.331621	1.520457	0.414753	1851.828491
3788.332587	1.508470	0.414753	3309.010742
3788.333528	0.752347	0.414753	4016.969727
3788.334459	0.090974	0.414753	4101.666504
3788.335324	0.085822	0.414753	4175.902344
3788.336351	0.085909	0.414753	4264.131348
3788.337247	0.085833	0.414753	4341.037109
3788.338125	0.085840	0.414753	4416.404297
3788.339070	0.085876	0.414753	4497.557617
3788.340063	0.085814	0.414753	4582.770996
3788.340990	0.085785	0.414753	4662.293457
3788.341844	0.085814	0.414753	4735.578613
3788.342921	0.085931	0.414753	4828.126953
3789.376032	1.117925	0.371819	577.967102
3789.376935	1.523346	0.371819	1953.548584
3789.377795	1.508145	0.371819	3250.552979
3789.378891	0.615282	0.371819	3924.902100
3789.379886	0.087081	0.371819	4011.548096
3789.380761	0.085858	0.371819	4086.674072
3789.381737	0.086034	0.371819	4170.643066
3789.382788	0.085913	0.371819	4260.937500
3789.383680	0.085836	0.371819	4337.503418
3789.384543	0.085931	0.371819	4411.662109
3789.385658	0.086001	0.371819	4507.553223
3789.386629	0.085884	0.371819	4590.946289
3789.387498	0.085880	0.371819	4665.576172
3789.388518	0.086045	0.371819	4753.341797
3790.386381	1.058170	0.417984	467.711243
3790.387261	1.518062	0.417984	1803.605469
3790.388260	1.508324	0.417984	3310.420898
3790.389324	0.605823	0.417984	3955.016357
3790.390221	0.088077	0.417984	4034.021729
3790.391083	0.085844	0.417984	4108.019043
3790.392196	0.086005	0.417984	4203.742187
3790.393167	0.085844	0.417984	4287.096191
3790.394033	0.085851	0.417984	4361.442871
3790.395080	0.086023	0.417984	4451.508789
3790.396112	0.085887	0.417984	4540.144531
3790.397005	0.085873	0.417984	4616.829102
3790.397922	0.085887	0.417984	4695.587891
3790.398974	0.085887	0.417984	4785.941406
3791.431939	1.092653	0.385890	541.955750
3791.432929	1.525250	0.385890	2051.953369
3791.433824	1.506039	0.385890	3399.857910
3791.434837	0.604885	0.385890	4012.606689
3791.435873	0.086979	0.385890	4102.716797
3791.436781	0.085964	0.385890	4180.772461
3791.437640	0.085931	0.385890	4254.587402
3791.438751	0.086027	0.385890	4350.163086
3791.439716	0.085909	0.385890	4433.065430
3791.440572	0.085880	0.385890	4506.578613
3791.441659	0.086147	0.385890	4600.220703
3791.442692	0.085990	0.385890	4689.048340
3791.443581	0.085887	0.385890	4765.402344
3791.444510	0.085994	0.385890	4845.290527
3792.442622	1.095421	0.421633	538.947144
3792.443509	1.521412	0.421633	1888.439941
3792.444461	1.508049	0.421633	3324.103027
3792.445528	0.583030	0.421633	3946.195801
3792.446460	0.087649	0.421633	4027.884521
3792.447319	0.085822	0.421633	4101.604980
3792.448380	0.085961	0.421633	4192.809082
3792.449393	0.085876	0.421633	4279.801758
3792.450272	0.085880	0.421633	4355.290527
3792.451245	0.085983	0.421633	4438.951660
3792.452298	0.085939	0.421633	4529.445312
3792.453210	0.085865	0.421633	4607.754395
3792.454066	0.085898	0.421633	4681.283691
3792.455113	0.086085	0.421633	4771.415039
3793.488158	1.082146	0.380323	567.044495
3793.489187	1.525437	0.380323	2136.719238
3793.490075	1.503845	0.380323	3472.133789
3793.490941	0.684375	0.380323	4064.802490
3793.491994	0.087986	0.380323	4157.451660
3793.492934	0.085851	0.380323	4238.151367
3793.493812	0.085847	0.380323	4313.525391
3793.494728	0.085994	0.380323	4392.295410
3793.495792	0.085950	0.380323	4483.746094
3793.496693	0.085946	0.380323	4561.183594
3793.497557	0.085847	0.380323	4635.355469
3793.498605	0.085997	0.380323	4725.480469
3793.499575	0.085884	0.380323	4808.787598
3793.500455	0.085873	0.380323	4884.355469
3794.501065	1.050732	0.417142	451.814972
3794.502053	1.518783	0.417142	1952.372559
3794.502992	1.506709	0.417142	3367.172363
3794.503921	0.717510	0.417142	4033.738770
3794.504780	0.092227	0.417142	4112.961426
3794.505825	0.085851	0.417142	4202.675781
3794.506708	0.085825	0.417142	4278.459473
3794.507575	0.085873	0.417142	4352.911133
3794.508523	0.085983	0.417142	4434.422852
3794.509483	0.085906	0.417142	4516.892578
3794.510397	0.085844	0.417142	4595.353516
3794.511271	0.085887	0.417142	4670.418945
3794.512302	0.085972	0.417142	4759.055664
3794.513194	0.085854	0.417142	4835.637695
3795.542752	1.051461	0.392118	467.900177
3795.543631	1.518007	0.392118	1802.227905
3795.544499	1.513458	0.392118	3115.909668
3795.545435	0.941503	0.392118	3997.156250
3795.546389	0.096665	0.392118	4089.374756
3795.547305	0.085865	0.392118	4168.027344
3795.548168	0.085928	0.392118	4242.183105
3795.549206	0.085829	0.392118	4331.273437
3795.550093	0.085829	0.392118	4407.403809
3795.551018	0.085829	0.392118	4486.795410
3795.551880	0.085876	0.392118	4560.820801
3795.552863	0.085931	0.392118	4645.291504
3795.553792	0.085844	0.392118	4725.040039
3795.554650	0.085902	0.392118	4798.744141
3796.557855	1.121415	0.413637	580.892883
3796.558884	1.525485	0.413637	2150.616699
3796.559790	1.502908	0.413637	3512.250977
3796.560755	0.599169	0.413637	4090.448730
3796.561807	0.086646	0.413637	4181.599609
3796.562733	0.085862	0.413637	4261.107422
3796.563595	0.085902	0.413637	4335.155273
3796.564662	0.086016	0.413637	4426.934082
3796.565653	0.085836	0.413637	4511.997559
3796.566536	0.085898	0.413637	4587.845703
3796.567506	0.085975	0.413637	4671.241699
3796.568560	0.086005	0.413637	4761.890625
3796.569474	0.085851	0.413637	4840.358398
3796.570331	0.085854	0.413637	4913.935547
3797.598240	1.114867	0.393222	570.811890
3797.599192	1.524547	0.393222	2022.180786
3797.600055	1.507793	0.393222	3323.406250
3797.601090	0.622042	0.393222	3967.219971
3797.602117	0.087008	0.393222	4056.577148
3797.603017	0.085785	0.393222	4133.783691
3797.603966	0.085939	0.393222	4215.339355
3797.605022	0.086008	0.393222	4306.164062
3797.605962	0.085833	0.393222	4386.846680
3797.606826	0.085829	0.393222	4461.002930
3797.607888	0.086030	0.393222	4552.367187
3797.608897	0.085836	0.393222	4638.976074
3797.609792	0.085909	0.393222	4715.865234
3797.610766	0.086027	0.393222	4799.655273
3798.614090	1.133284	0.404308	643.705139
3798.615145	1.525250	0.404308	2252.843994
3798.616047	1.499927	0.404308	3605.777832
3798.616914	0.535239	0.404308	4069.830322
3798.618023	0.086638	0.404308	4165.912109
3798.618989	0.085909	0.404308	4248.900391
3798.619847	0.085876	0.404308	4322.582520
3798.620926	0.085997	0.404308	4415.373535
3798.621955	0.085854	0.404308	4503.717773
3798.622827	0.085770	0.404308	4578.509277
3798.623734	0.085928	0.404308	4656.445801
3798.624819	0.085990	0.404308	4749.745117
3798.625773	0.085825	0.404308	4831.622559
3798.626636	0.085902	0.404308	4905.755859
3799.653940	1.115999	0.382647	612.683228
3799.655001	1.525203	0.382647	2230.923340
3799.655910	1.500399	0.382647	3594.786133
3799.656778	0.548434	0.382647	4070.826660
3799.657872	0.086755	0.382647	4165.736816
3799.658861	0.085873	0.382647	4250.665039
3799.659738	0.085825	0.382647	4325.933594
3799.660713	0.085986	0.382647	4409.770020
3799.661776	0.086001	0.382647	4501.188965
3799.662665	0.085906	0.382647	4577.559082
3799.663530	0.085917	0.382647	4651.876953
3799.664627	0.086063	0.382647	4746.288086
3799.665583	0.085840	0.382647	4828.351074
3799.666452	0.085862	0.382647	4902.964844
3800.670543	1.125538	0.399256	644.933472
3800.671602	1.525499	0.399256	2260.437012
3800.672509	1.499780	0.399256	3620.737793
3800.673378	0.512487	0.399256	4066.088623
3800.674490	0.086440	0.399256	4162.210449
3800.675451	0.085851	0.399256	4244.712891
3800.676317	0.085898	0.399256	4319.101074
3800.677405	0.086082	0.399256	4412.757812
3800.678447	0.086034	0.399256	4502.405273
3800.679335	0.085961	0.399256	4578.738281
3800.680262	0.086019	0.399256	4658.478027
3800.681324	0.086052	0.399256	4749.865723
3800.682258	0.085935	0.399256	4830.128906
3800.683120	0.085869	0.399256	4904.147949
3801.708752	1.042460	0.385834	458.682220
3801.709617	1.517380	0.385834	1771.216309
3801.710663	1.507163	0.385834	3347.708984
3801.711695	0.590911	0.385834	3957.528809
3801.712587	0.088572	0.385834	4036.534912
3801.713527	0.085931	0.385834	4117.310547
3801.714582	0.086089	0.385834	4208.134277
3801.715524	0.085961	0.385834	4289.109375
3801.716387	0.085869	0.385834	4363.214355
3801.717435	0.085986	0.385834	4453.328125
3801.718455	0.085920	0.385834	4540.966797
3801.719333	0.085865	0.385834	4616.356445
3801.720292	0.085964	0.385834	4698.796387
3801.721329	0.085964	0.385834	4787.941406
3802.727712	1.124377	0.398181	575.681274
3802.728670	1.524719	0.398181	2036.362305
3802.729555	1.507002	0.398181	3370.059082
3802.730499	0.734469	0.398181	4063.397949
3802.731570	0.087506	0.398181	4157.117187
3802.732464	0.085884	0.398181	4233.897461
3802.733328	0.085986	0.398181	4308.189453
3802.734370	0.086074	0.398181	4397.878906
3802.735319	0.085961	0.398181	4479.455566
3802.736192	0.085880	0.398181	4554.428711
3802.737086	0.085986	0.398181	4631.300293
3802.738186	0.085972	0.398181	4725.869141
3802.739065	0.085917	0.398181	4801.390137
3802.739921	0.085979	0.398181	4874.988281
3803.764263	1.123905	0.387622	577.687195
3803.765222	1.524708	0.387622	2039.882324
3803.766094	1.507207	0.387622	3354.166992
3803.767015	0.766589	0.387622	4060.195801
3803.768078	0.088506	0.387622	4154.277344
3803.768959	0.085851	0.387622	4229.912109
3803.769819	0.085935	0.387622	4303.816406
3803.770865	0.086034	0.387622	4393.808105
3803.771834	0.085884	0.387622	4477.029297
3803.772699	0.085931	0.387622	4551.359863
3803.773559	0.086034	0.387622	4625.349121
3803.774671	0.085986	0.387622	4720.965820
3803.775580	0.085946	0.387622	4799.090820
3803.776444	0.085968	0.387622	4873.367187
3804.784880	1.089694	0.397826	504.528168
3804.785760	1.519669	0.397826	1841.837036
3804.786637	1.512294	0.397826	3168.118652
3804.787646	0.820800	0.397826	3996.305420
3804.788574	0.092684	0.397826	4082.316406
3804.789481	0.085836	0.397826	4160.169922
3804.790347	0.085964	0.397826	4234.615234
3804.791364	0.085939	0.397826	4322.015137
3804.792261	0.085898	0.397826	4399.065918
3804.793132	0.085869	0.397826	4473.857910
3804.794055	0.085913	0.397826	4553.155762
3804.795043	0.085836	0.397826	4637.961914
3804.795956	0.085895	0.397826	4716.383789
3804.796839	0.085957	0.397826	4792.283691
3805.818854	1.049165	0.384178	487.861786
3805.819753	1.520856	0.384178	1855.111206
3805.820674	1.509408	0.384178	3245.275879
3805.821671	0.740515	0.384178	3983.569580
3805.822595	0.091121	0.384178	4067.765137
3805.823457	0.085833	0.384178	4141.752930
3805.824493	0.086034	0.384178	4230.884277
3805.825369	0.085964	0.384178	4306.188965
3805.826262	0.085887	0.384178	4382.886230
3805.827158	0.085975	0.384178	4459.919922
3805.828094	0.085975	0.384178	4540.393066
3805.829036	0.085902	0.384178	4621.312988
3805.829929	0.085924	0.384178	4698.042969
3805.830905	0.085953	0.384178	4781.933594
3806.842048	1.026735	0.394990	435.335510
3806.842984	1.515527	0.394990	1853.869141
3806.844066	1.503413	0.394990	3480.562012
3806.845004	0.578441	0.394990	4023.139893
3806.845869	0.088982	0.394990	4100.109375
3806.846915	0.086071	0.394990	4190.139160
3806.847934	0.085880	0.394990	4277.650879
3806.848825	0.085953	0.394990	4354.235352
3806.849784	0.085975	0.394990	4436.685547
3806.850837	0.085979	0.394990	4527.221680
3806.851766	0.085920	0.394990	4607.041504
3806.852625	0.085869	0.394990	4680.803223
3806.853715	0.086041	0.394990	4774.588379
3806.854707	0.085822	0.394990	4859.723145
3807.874077	1.111893	0.394410	578.184509
3807.874998	1.523738	0.394410	1981.547119
3807.875860	1.507745	0.394410	3281.223633
3807.876952	0.605306	0.394410	3942.218262
3807.877940	0.087023	0.394410	4028.196777
3807.878814	0.085873	0.394410	4103.249512
3807.879785	0.086012	0.394410	4186.767090
3807.880841	0.085920	0.394410	4277.499023
3807.881741	0.086030	0.394410	4354.926270
3807.882613	0.085990	0.394410	4429.909668
3807.883706	0.086001	0.394410	4523.908691
3807.884675	0.085898	0.394410	4607.144043
3807.885555	0.085953	0.394410	4682.783203
3807.886545	0.086082	0.394410	4768.003906
3808.899252	1.046005	0.387240	438.275940
3808.900371	1.524093	0.387240	2143.736084
3808.901347	1.500601	0.387240	3608.322266
3808.902222	0.558278	0.387240	4096.815430
3808.903258	0.087224	0.387240	4187.179687
3808.904294	0.085898	0.387240	4276.170410
3808.905190	0.085891	0.387240	4353.128906
3808.906124	0.085887	0.387240	4433.347656
3808.907181	0.085917	0.387240	4524.161621
3808.908130	0.085822	0.387240	4605.606445
3808.908992	0.085865	0.387240	4679.622559
3808.910042	0.085983	0.387240	4769.904297
3808.911058	0.085880	0.387240	4857.158691
3808.911940	0.085814	0.387240	4932.846680
3809.930248	1.098768	0.389487	548.285339
3809.931211	1.524360	0.389487	2016.244385
3809.932080	1.507778	0.389487	3326.503662
3809.933133	0.593031	0.389487	3950.965332
3809.934177	0.086726	0.389487	4041.507324
3809.935075	0.085822	0.389487	4118.575195
3809.935991	0.085851	0.389487	4197.214355
3809.937073	0.085979	0.389487	4290.243652
3809.938018	0.085844	0.389487	4371.365723
3809.938881	0.085807	0.389487	4445.416992
3809.939924	0.086019	0.389487	4535.135254
3809.940939	0.085858	0.389487	4622.281250
3809.941822	0.085917	0.389487	4698.145508
3809.942796	0.085986	0.389487	4781.895996
3810.955708	1.051677	0.391602	443.807800
3810.956830	1.524093	0.391602	2153.840088
3810.957802	1.500414	0.391602	3612.242432
3810.958674	0.577244	0.391602	4115.599121
3810.959730	0.087264	0.391602	4207.750488
3810.960742	0.085898	0.391602	4294.679687
3810.961628	0.085833	0.391602	4370.727539
3810.962551	0.085865	0.391602	4449.981445
3810.963601	0.085924	0.391602	4540.201660
3810.964545	0.085814	0.391602	4621.210449
3810.965406	0.085865	0.391602	4695.140625
3810.966445	0.085950	0.391602	4784.442383
3810.967465	0.085968	0.391602	4872.129883
3810.968339	0.085891	0.391602	4947.198730
3811.985938	1.080275	0.387606	554.180908
3811.986996	1.524756	0.387606	2167.372559
3811.987918	1.501245	0.387606	3551.520508
3811.988796	0.581946	0.387606	4062.468994
3811.989881	0.086829	0.387606	4156.678223
3811.990881	0.085895	0.387606	4242.573242
3811.991780	0.085865	0.387606	4319.766113
3811.992759	0.085862	0.387606	4403.824707
3811.993815	0.085811	0.387606	4494.440430
3811.994719	0.085844	0.387606	4572.042969
3811.995582	0.085833	0.387606	4646.116211
3811.996685	0.085942	0.387606	4740.910645
3811.997652	0.085854	0.387606	4823.932129
3811.998539	0.085862	0.387606	4900.091797
3813.011899	1.026442	0.401435	434.184784
3813.012851	1.515857	0.401435	1877.280518
3813.013897	1.504179	0.401435	3450.651367
3813.014798	0.670950	0.401435	4055.177002
3813.015662	0.090740	0.401435	4133.576172
3813.016702	0.085953	0.401435	4222.967773
3813.017660	0.085847	0.401435	4305.209473
3813.018533	0.085844	0.401435	4380.150879
3813.019451	0.085975	0.401435	4459.076172
3813.020516	0.085891	0.401435	4550.550293
3813.021412	0.085858	0.401435	4627.479004
3813.022271	0.085869	0.401435	4701.240723
3813.023311	0.085994	0.401435	4790.674316
3813.024263	0.085939	0.401435	4872.487793
3814.041823	1.056921	0.393794	478.785370
3814.042690	1.518223	0.393794	1795.084473
3814.043749	1.506533	0.393794	3390.502930
3814.044635	0.746803	0.393794	4052.170410
3814.045509	0.092311	0.393794	4132.850098
3814.046430	0.085770	0.393794	4211.844727
3814.047407	0.085858	0.393794	4295.728027
3814.048331	0.085811	0.393794	4375.017090
3814.049213	0.085825	0.393794	4450.714844
3814.050223	0.085869	0.393794	4537.442871
3814.051133	0.085767	0.393794	4615.490234
3814.052050	0.085833	0.393794	4694.198730
3814.052907	0.085829	0.393794	4767.753906
3814.053959	0.085818	0.393794	4858.034180
3815.068093	1.027277	0.389681	434.538025
3815.069083	1.517571	0.389681	1936.933105
3815.070144	1.502150	0.389681	3530.713867
3815.071063	0.550840	0.389681	4036.935547
3815.071926	0.088627	0.389681	4113.420410
3815.073035	0.085869	0.389681	4208.649414
3815.074007	0.085807	0.389681	4292.053711
3815.074867	0.085807	0.389681	4365.847656
3815.075956	0.085887	0.389681	4459.378906
3815.076984	0.085811	0.389681	4547.592285
3815.077869	0.085844	0.389681	4623.563965
3815.078787	0.085833	0.389681	4702.358398
3815.079850	0.085876	0.389681	4793.645020
3815.080794	0.085818	0.389681	4874.657227
3816.097735	1.048224	0.394950	455.977386
3816.098658	1.516674	0.394950	1855.867065
3816.099733	1.503523	0.394950	3472.154297
3816.100692	0.568850	0.394950	4017.681641
3816.101553	0.088799	0.394950	4094.137451
3816.102603	0.085942	0.394950	4184.376953
3816.103620	0.085909	0.394950	4271.747070
3816.104501	0.085844	0.394950	4347.375000
3816.105454	0.085913	0.394950	4429.250000
3816.106512	0.085873	0.394950	4520.103516
3816.107454	0.085858	0.394950	4600.981934
3816.108310	0.085759	0.394950	4674.392090
3816.109349	0.085939	0.394950	4763.682617
3816.110353	0.085829	0.394950	4849.854980
3817.124289	1.029089	0.393955	437.362976
3817.125193	1.515641	0.393955	1807.502197
3817.126282	1.504208	0.393955	3445.584473
3817.127236	0.606222	0.393955	4023.920166
3817.128093	0.089396	0.393955	4100.532227
3817.129151	0.086008	0.393955	4191.528809
3817.130174	0.085869	0.393955	4279.373047
3817.131051	0.085858	0.393955	4354.670410
3817.131994	0.086012	0.393955	4435.779785
3817.133043	0.085990	0.393955	4525.983398
3817.133973	0.085895	0.393955	4605.865723
3817.134842	0.085858	0.393955	4680.476562
3817.135881	0.086041	0.393955	4769.873535
3817.136896	0.085895	0.393955	4857.056641
3818.153672	1.053116	0.392831	459.158783
3818.154554	1.517908	0.392831	1797.953491
3818.155561	1.508002	0.392831	3316.511230
3818.156615	0.621973	0.392831	3972.070312
3818.157501	0.088477	0.392831	4050.460449
3818.158399	0.085942	0.392831	4127.636719
3818.159485	0.086067	0.392831	4221.105469
3818.160452	0.085880	0.392831	4304.151367
3818.161310	0.085891	0.392831	4377.845703
3818.162361	0.086100	0.392831	4468.336426
3818.163391	0.085928	0.392831	4556.841797
3818.164274	0.085876	0.392831	4632.670898
3818.165211	0.086005	0.392831	4713.257324
3818.166268	0.086030	0.392831	4804.191406
3819.179840	1.134525	0.390462	620.585205
3819.180719	1.523328	0.390462	1959.590210
3819.181590	1.508932	0.390462	3273.869873
3819.182489	0.827992	0.390462	4018.234619
3819.183538	0.089008	0.390462	4111.603516
3819.184431	0.085800	0.390462	4188.222656
3819.185310	0.085876	0.390462	4263.708008
3819.186308	0.085895	0.390462	4349.431152
3819.187235	0.085785	0.390462	4428.953613
3819.188158	0.085854	0.390462	4508.197266
3819.189019	0.085887	0.390462	4582.146484
3819.190065	0.085840	0.390462	4671.935059
3819.190944	0.085840	0.390462	4747.388184
3819.191811	0.085862	0.390462	4821.830566
3820.210625	1.033209	0.381850	444.279968
3820.211507	1.515615	0.381850	1781.052490
3820.212646	1.503322	0.381850	3493.335693
3820.213598	0.562423	0.381850	4028.762451
3820.214455	0.088656	0.381850	4104.740723
3820.215473	0.085961	0.381850	4192.248535
3820.216505	0.085942	0.381850	4280.940918
3820.217394	0.085961	0.381850	4357.359863
3820.218337	0.085950	0.381850	4438.410645
3820.219399	0.085961	0.381850	4529.700684
3820.220337	0.085876	0.381850	4610.252930
3820.221201	0.085961	0.381850	4684.522949
3820.222258	0.085964	0.381850	4775.387207
3820.223263	0.086023	0.381850	4861.840332
3821.236487	1.112538	0.384412	548.481140
3821.237373	1.521409	0.384412	1896.449219
3821.238365	1.506786	0.384412	3391.180664
3821.239428	0.547811	0.384412	3973.503906
3821.240338	0.087411	0.384412	4053.047852
3821.241195	0.085869	0.384412	4126.637695
3821.242254	0.086012	0.384412	4217.724609
3821.243258	0.085939	0.384412	4304.007324
3821.244152	0.085931	0.384412	4380.830078
3821.245130	0.086041	0.384412	4464.978516
3821.246190	0.085997	0.384412	4556.135742
3821.247099	0.085865	0.384412	4634.187500
3821.247960	0.085840	0.384412	4708.095703
3821.249049	0.085983	0.384412	4801.730957
3822.267575	1.024852	0.375674	432.487701
3822.268626	1.522115	0.375674	2032.231079
3822.269650	1.501300	0.375674	3569.562256
3822.270556	0.537246	0.375674	4056.307129
3822.271509	0.088579	0.375674	4140.723145
3822.272560	0.085953	0.375674	4231.060059
3822.273494	0.085891	0.375674	4311.282227
3822.274352	0.085972	0.375674	4385.045898
3822.275414	0.085906	0.375674	4476.277832
3822.276425	0.085814	0.375674	4563.036133
3822.277303	0.085851	0.375674	4638.413086
3822.278284	0.085972	0.375674	4722.751465
3822.279331	0.085979	0.375674	4812.771484
3822.280243	0.085887	0.375674	4891.101074
3823.292691	1.105470	0.386728	559.367859
3823.293594	1.523130	0.386728	1934.754150
3823.294479	1.509320	0.386728	3270.502441
3823.295498	0.690308	0.386728	3973.925781
3823.296485	0.087821	0.386728	4060.605225
3823.297419	0.085935	0.386728	4140.868652
3823.298281	0.086012	0.386728	4215.010742
3823.299389	0.085975	0.386728	4310.271484
3823.300289	0.085891	0.386728	4387.573242
3823.301165	0.085968	0.386728	4462.881348
3823.302175	0.085972	0.386728	4549.712891
3823.303162	0.085942	0.386728	4634.538086
3823.304044	0.085972	0.386728	4710.365234
3823.305046	0.086019	0.386728	4796.556641
3824.323517	1.032715	0.382865	436.838379
3824.324406	1.517563	0.382865	1785.952271
3824.325423	1.507485	0.382865	3319.064941
3824.326411	0.679633	0.382865	3990.541992
3824.327293	0.090183	0.382865	4070.083496
3824.328163	0.085924	0.382865	4144.837402
3824.329283	0.085851	0.382865	4240.990234
3824.330188	0.085950	0.382865	4318.774902
3824.331049	0.085851	0.382865	4392.692383
3824.332117	0.086005	0.382865	4484.545410
3824.333085	0.085854	0.382865	4567.652344
3824.334019	0.085939	0.382865	4647.918945
3824.334878	0.085964	0.382865	4721.762207
3824.335985	0.085931	0.382865	4816.888184
3825.348030	1.036457	0.386716	443.603790
3825.348895	1.516099	0.386716	1755.029053
3825.349885	1.509716	0.386716	3249.647461
3825.350821	0.831753	0.386716	4028.168213
3825.351685	0.096808	0.386716	4111.810059
3825.352723	0.085891	0.386716	4200.964844
3825.353599	0.085972	0.386716	4276.275879
3825.354519	0.085942	0.386716	4355.342773
3825.355375	0.085876	0.386716	4428.853027
3825.356334	0.085862	0.386716	4511.194336
3825.357266	0.085884	0.386716	4591.237793
3825.358139	0.085924	0.386716	4666.249512
3825.359161	0.086016	0.386716	4754.157715
3825.360069	0.085909	0.386716	4832.163574
3826.380222	1.032521	0.379723	439.853851
3826.381205	1.516769	0.379723	1930.837646
3826.382285	1.501787	0.379723	3552.767822
3826.383189	0.551407	0.379723	4051.240234
3826.384061	0.088616	0.379723	4128.513184
3826.385140	0.086063	0.379723	4221.375488
3826.386121	0.085939	0.379723	4305.681152
3826.387010	0.085898	0.379723	4382.044922
3826.387985	0.085990	0.379723	4465.885254
3826.389041	0.085972	0.379723	4556.671387
3826.389951	0.085902	0.379723	4634.842285
3826.390810	0.085939	0.379723	4708.663574
3826.391918	0.086008	0.379723	4803.960937
3826.392880	0.085865	0.379723	4886.563477
3827.402489	1.098889	0.398958	534.060120
3827.403373	1.520951	0.398958	1878.580811
3827.404330	1.508134	0.398958	3321.864746
3827.405387	0.605988	0.398958	3962.393555
3827.406316	0.087916	0.398958	4044.067871
3827.407176	0.085920	0.398958	4117.959473
3827.408244	0.086060	0.398958	4209.871094
3827.409249	0.085884	0.398958	4296.184082
3827.410129	0.085880	0.398958	4371.758789
3827.411104	0.085979	0.398958	4455.588379
3827.412169	0.085873	0.398958	4547.042969
3827.413066	0.085865	0.398958	4624.064453
3827.413935	0.085928	0.398958	4698.735840
3827.415009	0.085950	0.398958	4791.045898
3828.438295	1.111161	0.384045	558.913940
3828.439293	1.525170	0.384045	2081.033203
3828.440195	1.504739	0.384045	3438.307617
3828.441211	0.579349	0.384045	4026.926514
3828.442258	0.086726	0.384045	4117.728516
3828.443139	0.085902	0.384045	4193.408203
3828.444021	0.086030	0.384045	4269.287109
3828.445105	0.086012	0.384045	4362.523926
3828.446059	0.085946	0.384045	4444.516602
3828.446917	0.085869	0.384045	4518.192383
3828.447946	0.086089	0.384045	4606.777832
3828.449005	0.085942	0.384045	4697.791016
3828.449878	0.085957	0.384045	4772.831543
3828.450793	0.085942	0.384045	4851.468750
3829.458197	1.104617	0.394418	561.145264
3829.459187	1.524987	0.394418	2070.882080
3829.460086	1.505090	0.394418	3423.958252
3829.461110	0.594877	0.394418	4033.112061
3829.462145	0.086942	0.394418	4123.097168
3829.463026	0.085924	0.394418	4198.796387
3829.463894	0.085950	0.394418	4273.400879
3829.464988	0.086030	0.394418	4367.518066
3829.465951	0.085895	0.394418	4450.234863
3829.466813	0.085924	0.394418	4524.301270
3829.467834	0.086096	0.394418	4612.205566
3829.468868	0.086008	0.394418	4701.138184
3829.469737	0.085909	0.394418	4775.793457
3829.470652	0.085950	0.394418	4854.437500
3830.495492	1.106898	0.383046	537.952515
3830.496400	1.521544	0.383046	1919.514526
3830.497285	1.509500	0.383046	3255.421631
3830.498231	0.819001	0.383046	4030.197021
3830.499211	0.090242	0.383046	4118.633789
3830.500128	0.085730	0.383046	4197.248047
3830.501000	0.085844	0.383046	4272.103516
3830.502037	0.085942	0.383046	4361.225586
3830.502927	0.085865	0.383046	4437.645996
3830.503806	0.085825	0.383046	4513.086426
3830.504690	0.085869	0.383046	4588.994629
3830.505729	0.085858	0.383046	4678.201172
3830.506609	0.085858	0.383046	4753.756348
3830.507471	0.085906	0.383046	4827.807129
3831.513025	1.034370	0.402712	440.641663
3831.513979	1.515736	0.402712	1886.653809
3831.515037	1.503007	0.402712	3476.834717
3831.515972	0.587179	0.402712	4025.847168
3831.516833	0.089183	0.402712	4102.633789
3831.517917	0.085851	0.402712	4195.696289
3831.518905	0.085869	0.402712	4280.535156
3831.519803	0.085781	0.402712	4357.566895
3831.520781	0.085939	0.402712	4441.614746
3831.521829	0.085884	0.402712	4531.621094
3831.522734	0.085847	0.402712	4609.312988
3831.523594	0.085928	0.402712	4683.210937
3831.524673	0.085950	0.402712	4775.950684
3831.525666	0.085844	0.402712	4861.193359
3832.552886	1.024995	0.371670	430.497925
3832.553858	1.515857	0.371670	1903.910767
3832.554921	1.502688	0.371670	3501.268066
3832.555855	0.566162	0.371670	4030.063477
3832.556716	0.088835	0.371670	4106.550781
3832.557799	0.085975	0.371670	4199.662109
3832.558796	0.085876	0.371670	4285.280762
3832.559692	0.085854	0.371670	4362.206543
3832.560678	0.085920	0.371670	4446.923828
3832.561713	0.085873	0.371670	4535.802246
3832.562612	0.085891	0.371670	4613.018555
3832.563469	0.085833	0.371670	4686.577148
3832.564566	0.085851	0.371670	4780.755371
3832.565561	0.085906	0.371670	4866.231445
3833.569245	1.071863	0.395075	479.122620
3833.570109	1.517406	0.395075	1790.161377
3833.571217	1.503871	0.395075	3456.450195
3833.572188	0.567133	0.395075	4007.135742
3833.573045	0.088674	0.395075	4083.129639
3833.574120	0.085946	0.395075	4175.521484
3833.575165	0.085854	0.395075	4265.239258
3833.576048	0.085800	0.395075	4341.000488
3833.576985	0.085906	0.395075	4421.494141
3833.578042	0.085979	0.395075	4512.374023
3833.578972	0.085792	0.395075	4592.160645
3833.579838	0.085909	0.395075	4666.558105
3833.580873	0.086071	0.395075	4755.641113
3833.581891	0.085975	0.395075	4843.164062
3834.609107	1.058734	0.385242	472.195404
3834.609973	1.516974	0.385242	1785.894775
3834.611071	1.504420	0.385242	3437.748047
3834.612048	0.580631	0.385242	4005.024658
3834.612910	0.088923	0.385242	4081.676514
3834.613922	0.086005	0.385242	4168.713379
3834.614982	0.085902	0.385242	4259.769531
3834.615850	0.086005	0.385242	4334.421387
3834.616738	0.085942	0.385242	4410.738281
3834.617820	0.085939	0.385242	4503.724121
3834.618778	0.085913	0.385242	4586.028809
3834.619640	0.085902	0.385242	4660.076660
3834.620665	0.086107	0.385242	4748.336426
3834.621710	0.085942	0.385242	4838.145996
3835.624117	1.047755	0.395248	440.057159
3835.625185	1.525052	0.395248	2068.813232
3835.626080	1.505486	0.395248	3416.223145
3835.626973	0.742288	0.395248	4079.085937
3835.627974	0.091267	0.395248	4170.444336
3835.628898	0.085858	0.395248	4249.777344
3835.629816	0.086023	0.395248	4328.746582
3835.630680	0.086038	0.395248	4403.083008
3835.631713	0.085906	0.395248	4491.823730
3835.632593	0.085924	0.395248	4567.437012
3835.633459	0.085964	0.395248	4641.882324
3835.634420	0.085983	0.395248	4724.511719
3835.635379	0.085942	0.395248	4806.930664
3835.636289	0.085924	0.395248	4885.121582
3836.665552	1.046620	0.385810	460.512756
3836.666416	1.516542	0.385810	1770.804932
3836.667526	1.504574	0.385810	3440.881836
3836.668504	0.578156	0.385810	4006.317871
3836.669360	0.088846	0.385810	4082.370361
3836.670365	0.085898	0.385810	4168.698242
3836.671414	0.085854	0.385810	4258.759766
3836.672302	0.085928	0.385810	4335.063477
3836.673183	0.085895	0.385810	4410.736816
3836.674294	0.086027	0.385810	4506.312500
3836.675251	0.085869	0.385810	4588.489258
3836.676117	0.085814	0.385810	4662.804199
3836.677130	0.085887	0.385810	4749.808105
3836.678166	0.085796	0.385810	4838.692871
3837.678786	1.044082	0.407518	452.087524
3837.679654	1.516154	0.407518	1768.108887
3837.680760	1.504072	0.407518	3431.612793
3837.681736	0.586476	0.407518	4004.013184
3837.682604	0.088817	0.407518	4081.106445
3837.683681	0.085979	0.407518	4173.706055
3837.684726	0.085836	0.407518	4263.404785
3837.685620	0.085800	0.407518	4340.109375
3837.686544	0.085906	0.407518	4419.486328
3837.687598	0.085909	0.407518	4510.034668
3837.688543	0.085847	0.407518	4591.160156
3837.689409	0.085891	0.407518	4665.541992
3837.690457	0.085939	0.407518	4755.605957
3837.691481	0.085876	0.407518	4843.543457
3838.721987	1.042540	0.379509	452.462494
3838.722858	1.516483	0.379509	1773.319336
3838.723943	1.504973	0.379509	3406.215332
3838.724929	0.573241	0.379509	3971.430908
3838.725819	0.088495	0.379509	4050.191406
3838.726796	0.086052	0.379509	4134.264648
3838.727846	0.085972	0.379509	4224.535156
3838.728738	0.085873	0.379509	4301.133789
3838.729602	0.085898	0.379509	4375.350098
3838.730718	0.086001	0.379509	4471.327148
3838.731691	0.085920	0.379509	4554.927734
3838.732556	0.085986	0.379509	4629.305664
3838.733592	0.086104	0.379509	4718.508789
3838.734627	0.085964	0.379509	4807.481934
3839.734524	1.092495	0.405689	534.230164
3839.735412	1.520984	0.405689	1884.863770
3839.736281	1.510712	0.405689	3197.672363
3839.737340	0.705773	0.405689	3945.085693
3839.738289	0.088872	0.405689	4029.425293
3839.739187	0.085737	0.405689	4106.417480
3839.740119	0.085884	0.405689	4186.460937
3839.741165	0.085862	0.405689	4276.272461
3839.742050	0.085774	0.405689	4352.182617
3839.742908	0.085829	0.405689	4425.823730
3839.743930	0.085928	0.405689	4513.642090
3839.744890	0.085840	0.405689	4596.048340
3839.745767	0.085858	0.405689	4671.345703
3839.746628	0.085891	0.405689	4745.297852
3840.779212	1.043104	0.368746	458.965881
3840.780080	1.516824	0.368746	1775.568848
3840.781131	1.506954	0.368746	3359.377930
3840.782025	0.774763	0.368746	4052.016113
3840.782905	0.093534	0.368746	4134.326172
3840.783852	0.085858	0.368746	4215.633789
3840.784834	0.085884	0.368746	4299.971680
3840.785759	0.085807	0.368746	4379.343262
3840.786616	0.085836	0.368746	4452.904785
3840.787651	0.085887	0.368746	4541.798340
3840.788555	0.085865	0.368746	4619.420898
3840.789425	0.085789	0.368746	4694.057129
3840.790284	0.085902	0.368746	4767.847168
3840.791336	0.085814	0.368746	4858.123535
3841.792182	1.024841	0.392058	430.433350
3841.793173	1.517791	0.392058	1934.563843
3841.794233	1.502095	0.392058	3526.784180
3841.795131	0.586597	0.392058	4053.547852
3841.796011	0.089260	0.392058	4132.096680
3841.797112	0.085902	0.392058	4226.674805
3841.798069	0.085836	0.392058	4308.819824
3841.798935	0.085770	0.392058	4383.096680
3841.799982	0.085865	0.392058	4472.998047
3841.801009	0.085818	0.392058	4561.132812
3841.801910	0.085789	0.392058	4638.428223
3841.802848	0.085909	0.392058	4719.011230
3841.803886	0.085825	0.392058	4808.097656
3841.804817	0.085800	0.392058	4887.977051
3842.834189	1.098812	0.375247	551.603760
3842.835065	1.521405	0.375247	1884.354492
3842.835968	1.508155	0.375247	3246.218750
3842.837055	0.614019	0.375247	3913.656982
3842.838010	0.087488	0.375247	3997.207764
3842.838876	0.085748	0.375247	4071.465820
3842.839909	0.085862	0.375247	4160.161133
3842.840940	0.085715	0.375247	4248.533691
3842.841835	0.085726	0.375247	4325.258789
3842.842777	0.085781	0.375247	4406.064941
3842.843822	0.085862	0.375247	4495.790527
3842.844776	0.085708	0.375247	4577.556152
3842.845640	0.085715	0.375247	4651.614258
3842.846707	0.085869	0.375247	4743.236816
3843.847423	1.086815	0.395421	532.539429
3843.848302	1.520834	0.395421	1869.352295
3843.849213	1.508599	0.395421	3243.685547
3843.850309	0.612707	0.395421	3915.212891
3843.851260	0.087587	0.395421	3998.507812
3843.852123	0.085770	0.395421	4072.527588
3843.853173	0.085928	0.395421	4162.751953
3843.854183	0.085789	0.395421	4249.398437
3843.855063	0.085770	0.395421	4324.876465
3843.856020	0.085840	0.395421	4407.025391
3843.857053	0.085785	0.395421	4495.641113
3843.857976	0.085741	0.395421	4574.779785
3843.858832	0.085825	0.395421	4648.246094
3843.859883	0.085869	0.395421	4738.494629
3844.890638	1.100566	0.368145	554.685486
3844.891518	1.521643	0.368145	1893.731445
3844.892437	1.507815	0.368145	3279.413330
3844.893515	0.604980	0.368145	3931.582275
3844.894468	0.087367	0.368145	4014.843018
3844.895342	0.085851	0.368145	4089.876709
3844.896379	0.085928	0.368145	4178.983887
3844.897407	0.085825	0.368145	4267.212402
3844.898305	0.085759	0.368145	4344.224121
3844.899252	0.085931	0.368145	4425.601074
3844.900281	0.085829	0.368145	4513.918945
3844.901221	0.085745	0.368145	4594.519043
3844.902082	0.085836	0.368145	4668.423828
3844.903162	0.085854	0.368145	4761.146484
3845.903643	1.110806	0.393822	563.178528
3845.904557	1.522500	0.393822	1954.743408
3845.905430	1.508459	0.393822	3271.628418
3845.906429	0.748396	0.393822	4019.275879
3845.907446	0.088041	0.393822	4108.813477
3845.908339	0.085759	0.393822	4185.396484
3845.909200	0.085854	0.393822	4259.317383
3845.910300	0.085909	0.393822	4353.817871
3845.911227	0.085796	0.393822	4433.350586
3845.912104	0.085822	0.393822	4508.616211
3845.913084	0.085752	0.393822	4592.653320
3845.914095	0.085807	0.393822	4679.404297
3845.914987	0.085770	0.393822	4755.911133
3845.915847	0.085734	0.393822	4829.642090
3846.945975	1.025728	0.370929	432.856995
3846.947011	1.521866	0.370929	2009.510742
3846.947923	1.506171	0.370929	3383.138184
3846.948806	0.775309	0.370929	4067.735840
3846.949666	0.094138	0.370929	4148.694824
3846.950713	0.085701	0.370929	4238.423340
3846.951594	0.085763	0.370929	4313.980469
3846.952461	0.085759	0.370929	4388.333984
3846.953458	0.085789	0.370929	4473.865234
3846.954375	0.085822	0.370929	4552.563477
3846.955279	0.085796	0.370929	4630.123047
3846.956154	0.085825	0.370929	4705.220215
3846.957176	0.085880	0.370929	4792.989746
3846.958070	0.085822	0.370929	4869.714355
3847.959817	1.100160	0.392118	551.180115
3847.960768	1.523767	0.392118	2000.282715
3847.961639	1.507969	0.392118	3313.723633
3847.962673	0.638822	0.392118	3974.265625
3847.963712	0.087026	0.392118	4064.686035
3847.964602	0.085847	0.392118	4141.089844
3847.965520	0.085942	0.392118	4219.984863
3847.966592	0.085986	0.392118	4312.162109
3847.967544	0.085895	0.392118	4393.934082
3847.968406	0.085928	0.392118	4468.003906
3847.969452	0.085924	0.392118	4557.880371
3847.970458	0.085891	0.392118	4644.286621
3847.971344	0.085770	0.392118	4720.279297
3847.972310	0.085942	0.392118	4803.299805
3849.003297	1.116438	0.363372	571.616272
3849.004207	1.523240	0.363372	1957.764404
3849.005071	1.508152	0.363372	3260.807617
3849.006159	0.610269	0.363372	3924.779785
3849.007164	0.087041	0.363372	4012.256104
3849.008046	0.085895	0.363372	4088.015381
3849.009055	0.085924	0.363372	4174.712891
3849.010102	0.085887	0.363372	4264.637207
3849.010997	0.085774	0.363372	4341.404785
3849.011854	0.085884	0.363372	4415.007324
3849.012945	0.085972	0.363372	4508.802246
3849.013893	0.085822	0.363372	4590.161133
3849.014774	0.085785	0.363372	4665.737793
3849.015770	0.085906	0.363372	4751.299805
3850.016033	1.120854	0.395788	571.635803
3850.017040	1.525217	0.395788	2107.529541
3850.017938	1.503940	0.395788	3458.067871
3850.018919	0.597506	0.395788	4044.221436
3850.019963	0.086898	0.395788	4134.943359
3850.020867	0.085840	0.395788	4212.542480
3850.021722	0.085829	0.395788	4285.926270
3850.022799	0.085975	0.395788	4378.521484
3850.023790	0.085869	0.395788	4463.617676
3850.024668	0.085865	0.395788	4539.007324
3850.025672	0.085931	0.395788	4625.282227
3850.026716	0.085844	0.395788	4714.902832
3850.027594	0.085811	0.395788	4790.244629
3850.028459	0.085895	0.395788	4864.543457
3851.059735	1.110758	0.360866	566.486633
3851.060661	1.523427	0.360866	1977.179687
3851.061522	1.507885	0.360866	3275.468262
3851.062598	0.623492	0.360866	3946.346191
3851.063593	0.087155	0.360866	4033.064941
3851.064463	0.085811	0.360866	4107.720215
3851.065445	0.085975	0.360866	4192.147949
3851.066492	0.085887	0.360866	4282.072266
3851.067396	0.085924	0.360866	4359.747559
3851.068262	0.085891	0.360866	4434.129395
3851.069335	0.085953	0.360866	4526.357422
3851.070317	0.085825	0.360866	4610.637695
3851.071217	0.085917	0.360866	4687.962891
3851.072203	0.086052	0.360866	4772.810547
3852.072179	1.065341	0.392625	513.494202
3852.073248	1.524518	0.392625	2143.203857
3852.074129	1.503479	0.392625	3467.768799
3852.075005	0.687294	0.392625	4069.838135
3852.076031	0.088524	0.392625	4160.664062
3852.077003	0.085829	0.392625	4244.089844
3852.077881	0.085854	0.392625	4319.470215
3852.078756	0.085931	0.392625	4394.660156
3852.079872	0.085818	0.392625	4490.433105
3852.080770	0.085862	0.392625	4567.537109
3852.081636	0.085811	0.392625	4641.849121
3852.082701	0.085931	0.392625	4733.366211
3852.083678	0.085829	0.392625	4817.221191
3852.084556	0.085792	0.392625	4892.546875
3853.115581	1.046946	0.359867	445.998901
3853.116647	1.524324	0.359867	2070.928223
3853.117541	1.505497	0.359867	3416.842285
3853.118426	0.748129	0.359867	4078.936035
3853.119433	0.092600	0.359867	4172.184570
3853.120373	0.085880	0.359867	4252.912109
3853.121297	0.085825	0.359867	4332.214355
3853.122153	0.085902	0.359867	4405.746582
3853.123179	0.085895	0.359867	4493.874512
3853.124072	0.085935	0.359867	4570.614746
3853.124954	0.085909	0.359867	4646.386719
3853.125876	0.086085	0.359867	4725.757324
3853.126868	0.085957	0.359867	4811.026855
3853.127774	0.085920	0.359867	4888.870605
3854.128695	1.156542	0.399550	628.002136
3854.129746	1.525301	0.399550	2231.093994
3854.130644	1.500780	0.399550	3578.794434
3854.131586	0.550074	0.399550	4096.964844
3854.132670	0.086290	0.399550	4190.503418
3854.133605	0.085895	0.399550	4270.814941
3854.134472	0.085983	0.399550	4345.361816
3854.135538	0.086082	0.399550	4437.124512
3854.136551	0.085869	0.399550	4524.109863
3854.137446	0.085895	0.399550	4600.985840
3854.138405	0.086008	0.399550	4683.467773
3854.139443	0.085990	0.399550	4772.725586
3854.140373	0.086008	0.399550	4852.713379
3854.141236	0.085909	0.399550	4926.853027
3855.171925	1.163555	0.359505	663.226257
3855.172970	1.525430	0.359505	2257.300293
3855.173861	1.500718	0.359505	3594.439941
3855.174794	0.543021	0.359505	4101.078613
3855.175878	0.086323	0.359505	4194.652832
3855.176819	0.085876	0.359505	4275.462402
3855.177684	0.085865	0.359505	4349.735840
3855.178715	0.086016	0.359505	4438.417969
3855.179735	0.085931	0.359505	4526.067871
3855.180630	0.085913	0.359505	4602.959961
3855.181585	0.085983	0.359505	4685.073242
3855.182633	0.085986	0.359505	4775.187012
3855.183565	0.085895	0.359505	4855.240723
3855.184425	0.085994	0.359505	4929.195312
3856.184861	1.089232	0.398724	567.489990
3856.185914	1.524404	0.398724	2172.687744
3856.186836	1.500820	0.398724	3556.444092
3856.187704	0.591240	0.398724	4069.640625
3856.188772	0.087096	0.398724	4162.659180
3856.189766	0.085880	0.398724	4248.023926
3856.190640	0.085880	0.398724	4323.083008
3856.191638	0.085997	0.398724	4408.908203
3856.192673	0.086005	0.398724	4497.922852
3856.193568	0.085898	0.398724	4574.801758
3856.194435	0.085931	0.398724	4649.304199
3856.195526	0.086030	0.398724	4743.163086
3856.196516	0.085825	0.398724	4828.129883
3856.197417	0.085833	0.398724	4905.464844
3857.228049	1.081447	0.364794	555.863525
3857.229116	1.524712	0.364794	2182.731201
3857.230050	1.500092	0.364794	3583.816650
3857.230919	0.560050	0.364794	4070.500244
3857.231998	0.086719	0.364794	4164.069824
3857.232989	0.085876	0.364794	4249.173340
3857.233882	0.085906	0.364794	4325.887207
3857.234878	0.086034	0.364794	4411.577148
3857.235916	0.085994	0.364794	4500.838379
3857.236814	0.085836	0.364794	4577.919434
3857.237670	0.085884	0.364794	4651.436035
3857.238757	0.086038	0.364794	4744.958984
3857.239758	0.085862	0.364794	4830.906738
3857.240639	0.085950	0.364794	4906.628418
3858.240951	1.024856	0.398398	431.464355
3858.241950	1.517915	0.398398	1947.861572
3858.242950	1.503900	0.398398	3451.761719
3858.243845	0.677373	0.398398	4058.010742
3858.244706	0.091110	0.398398	4136.456055
3858.245802	0.085935	0.398398	4230.641113
3858.246700	0.085723	0.398398	4307.620117
3858.247571	0.085767	0.398398	4382.322754
3858.248574	0.085975	0.398398	4468.556152
3858.249576	0.085898	0.398398	4554.626465
3858.250459	0.085807	0.398398	4630.394043
3858.251315	0.085792	0.398398	4703.832031
3858.252370	0.085983	0.398398	4794.543945
3858.253296	0.085800	0.398398	4873.994141
3859.283901	1.029796	0.360846	437.663361
3859.284768	1.515714	0.360846	1751.787476
3859.285833	1.507423	0.360846	3357.193115
3859.286740	0.762722	0.360846	4048.982178
3859.287616	0.092615	0.360846	4130.112793
3859.288490	0.085748	0.360846	4205.056641
3859.289543	0.085778	0.360846	4295.380371
3859.290428	0.085803	0.360846	4371.316406
3859.291300	0.085873	0.360846	4446.197266
3859.292320	0.085994	0.360846	4533.910645
3859.293216	0.085847	0.360846	4610.829590
3859.294136	0.085811	0.360846	4689.775391
3859.295009	0.085880	0.360846	4764.748535
3859.296045	0.085957	0.360846	4853.799805
3860.297752	1.091115	0.394926	564.106201
3860.298816	1.524694	0.394926	2186.380371
3860.299741	1.500370	0.394926	3574.222656
3860.300618	0.560010	0.394926	4065.351318
3860.301683	0.086770	0.394926	4157.761230
3860.302682	0.085906	0.394926	4243.581055
3860.303574	0.085876	0.394926	4320.182617
3860.304540	0.085986	0.394926	4403.245605
3860.305597	0.085891	0.394926	4494.032715
3860.306508	0.085833	0.394926	4572.226074
3860.307370	0.085920	0.394926	4646.289551
3860.308468	0.085997	0.394926	4740.714844
3860.309459	0.085902	0.394926	4825.843750
3860.310353	0.085770	0.394926	4902.522461
3861.339593	1.038453	0.367408	450.688751
3861.340463	1.516743	0.367408	1770.255249
3861.341517	1.506346	0.367408	3357.944336
3861.342534	0.588527	0.367408	3956.475830
3861.343432	0.088440	0.367408	4035.895020
3861.344408	0.085939	0.367408	4119.770996
3861.345459	0.085928	0.367408	4210.081055
3861.346376	0.085884	0.367408	4288.836426
3861.347237	0.085946	0.367408	4362.835937
3861.348330	0.086030	0.367408	4456.867187
3861.349333	0.085833	0.367408	4542.957031
3861.350224	0.085909	0.367408	4619.502441
3861.351220	0.086001	0.367408	4705.159180
3861.352268	0.085909	0.367408	4795.192383
3862.354217	1.094670	0.387630	585.648682
3862.355266	1.524994	0.387630	2185.367187
3862.356193	1.500329	0.387630	3576.172607
3862.357068	0.559039	0.387630	4065.332031
3862.358145	0.086763	0.387630	4158.775391
3862.359147	0.085880	0.387630	4244.827148
3862.360036	0.085950	0.387630	4321.236328
3862.361011	0.086038	0.387630	4405.123047
3862.362068	0.086063	0.387630	4496.091797
3862.362980	0.085964	0.387630	4574.491211
3862.363844	0.086012	0.387630	4648.805664
3862.364924	0.086122	0.387630	4741.817383
3862.365905	0.085968	0.387630	4826.151855
3862.366789	0.085935	0.387630	4902.118652
3863.394595	1.121862	0.373253	577.758728
3863.395617	1.525148	0.373253	2136.459717
3863.396504	1.503904	0.373253	3470.422363
3863.397480	0.621936	0.373253	4077.431885
3863.398532	0.086876	0.373253	4168.825684
3863.399450	0.085972	0.373253	4247.747559
3863.400304	0.086016	0.373253	4321.205078
3863.401343	0.086107	0.373253	4410.670410
3863.402349	0.085961	0.373253	4497.146973
3863.403235	0.086063	0.373253	4573.398926
3863.404218	0.086067	0.373253	4658.002930
3863.405278	0.086074	0.373253	4749.241699
3863.406197	0.085983	0.373253	4828.259766
3863.407060	0.086030	0.373253	4902.503906
3864.411160	1.106455	0.389773	558.759827
3864.412182	1.524814	0.389773	2117.120117
3864.413056	1.504398	0.389773	3431.964111
3864.414024	0.640734	0.389773	4052.194336
3864.415068	0.087166	0.389773	4143.195312
3864.415995	0.085964	0.389773	4222.884277
3864.416860	0.085975	0.389773	4297.252930
3864.417925	0.086136	0.389773	4388.988281
3864.418929	0.085953	0.389773	4475.285645
3864.419824	0.085997	0.389773	4552.253418
3864.420802	0.086060	0.389773	4636.419922
3864.421851	0.086041	0.389773	4726.677246
3864.422762	0.086001	0.389773	4805.023926
3864.423621	0.085961	0.389773	4878.864258
3865.450518	1.076506	0.372158	553.324280
3865.451572	1.525001	0.372158	2160.675537
3865.452513	1.500524	0.372158	3572.668457
3865.453386	0.566199	0.372158	4066.959961
3865.454455	0.086869	0.372158	4159.822754
3865.455447	0.086012	0.372158	4245.146484
3865.456330	0.085968	0.372158	4321.056152
3865.457311	0.086100	0.372158	4405.520020
3865.458346	0.085983	0.372158	4494.512207
3865.459261	0.085895	0.372158	4573.105957
3865.460116	0.086012	0.372158	4646.645996
3865.461194	0.086115	0.372158	4739.477539
3865.462194	0.086001	0.372158	4825.478516
3865.463071	0.085939	0.372158	4900.846680
3866.468135	1.124388	0.384005	583.557617
3866.469063	1.524104	0.384005	1997.926147
3866.469925	1.507694	0.384005	3297.558594
3866.471013	0.579533	0.384005	3928.089844
3866.472030	0.086781	0.384005	4016.346191
3866.472912	0.085968	0.384005	4092.169922
3866.473903	0.086030	0.384005	4177.425781
3866.474950	0.085997	0.384005	4267.464844
3866.475864	0.085898	0.384005	4345.976074
3866.476722	0.086030	0.384005	4419.790039
3866.477796	0.086082	0.384005	4512.241699
3866.478793	0.085909	0.384005	4597.893555
3866.479667	0.085946	0.384005	4673.010254
3866.480656	0.086202	0.384005	4758.264648
3867.506618	1.026672	0.358506	434.282410
3867.507628	1.517651	0.358506	1967.110352
3867.508639	1.503124	0.358506	3486.768555
3867.509536	0.630363	0.358506	4052.203613
3867.510402	0.090022	0.358506	4130.162598
3867.511492	0.085986	0.358506	4223.887695
3867.512413	0.085986	0.358506	4303.081055
3867.513294	0.085942	0.358506	4378.796387
3867.514279	0.086162	0.358506	4463.666016
3867.515276	0.085950	0.358506	4549.357910
3867.516166	0.085942	0.358506	4625.846680
3867.517024	0.085994	0.358506	4699.629395
3867.518116	0.086093	0.358506	4793.642578
3867.519035	0.086027	0.358506	4872.701172
