time (s)	coil I (A)	last det (V)	int current (uC)
3391.502856	1.119796	0.439128	530.783386
3391.503741	1.521826	0.439128	1877.599609
3391.504735	1.506995	0.439128	3375.552246
3391.505802	1.461779	0.439128	4935.270020
3391.506720	1.424147	0.439128	6242.636719
3391.507589	1.388859	0.439128	7449.554687
3391.508687	1.348521	0.439128	8930.230469
3391.509658	1.312932	0.439128	10205.087891
3391.510558	0.765773	0.439128	10894.283203
3391.511577	0.092490	0.439128	10988.530273
3391.512629	0.085825	0.439128	11078.818359
3391.513518	0.085957	0.439128	11155.234375
3391.514412	0.085994	0.439128	11232.112305
3391.515504	0.086008	0.439128	11326.033203
3391.516468	0.085825	0.439128	11408.768555
3391.517331	0.085884	0.439128	11482.886719
3391.518389	0.085950	0.439128	11573.821289
3391.519412	0.085873	0.439128	11661.668945
3391.520299	0.085814	0.439128	11737.786133
3392.496834	1.032858	0.552924	438.964508
3392.497779	1.515271	0.552924	1870.895630
3392.498857	1.503417	0.552924	3491.578857
3392.499792	1.463679	0.552924	4860.119141
3392.500654	1.427512	0.552924	6090.634766
3392.501720	1.386376	0.552924	7568.511230
3392.502746	1.347693	0.552924	8951.244141
3392.503629	1.315682	0.552924	10112.992187
3392.504621	0.739237	0.552924	10846.315430
3392.505659	0.089663	0.552924	10939.385742
3392.506581	0.085884	0.552924	11018.570312
3392.507441	0.085906	0.552924	11092.449219
3392.508513	0.085961	0.552924	11184.598633
3392.509500	0.085818	0.552924	11269.300781
3392.510389	0.085862	0.552924	11345.631836
3392.511379	0.086005	0.552924	11430.776367
3392.512442	0.085942	0.552924	11522.132812
3392.513344	0.085854	0.552924	11599.573242
3392.514204	0.085928	0.552924	11673.470703
3393.531170	1.105038	0.554326	584.565002
3393.532238	1.524858	0.554326	2213.113770
3393.533163	1.500077	0.554326	3600.685059
3393.534039	1.461482	0.554326	4880.943359
3393.535141	1.417910	0.554326	6443.480469
3393.536129	1.378971	0.554326	7805.903809
3393.537027	1.345829	0.554326	9014.458008
3393.538027	1.309988	0.554326	10324.445312
3393.539076	0.464674	0.554326	10811.888672
3393.539966	0.086847	0.554326	10889.182617
3393.540849	0.085935	0.554326	10965.063477
3393.541951	0.085833	0.554326	11059.651367
3393.542905	0.085858	0.554326	11141.559570
3393.543779	0.085924	0.554326	11216.657227
3393.544822	0.085942	0.554326	11306.294922
3393.545845	0.085869	0.554326	11394.138672
3393.546736	0.085836	0.554326	11470.619141
3393.547669	0.085884	0.554326	11550.749023
3393.548725	0.085906	0.554326	11641.465820
3394.558730	1.100043	0.577493	552.221436
3394.559646	1.522738	0.577493	1947.049561
3394.560507	1.509075	0.577493	3246.362793
3394.561608	1.463606	0.577493	4857.792969
3394.562598	1.423037	0.577493	6266.599609
3394.563496	1.387767	0.577493	7512.814453
3394.564477	1.351172	0.577493	8838.314453
3394.565529	1.313071	0.577493	10219.665039
3394.566442	0.727357	0.577493	10883.742187
3394.567305	0.094135	0.577493	10964.980469
3394.568397	0.085950	0.577493	11058.837891
3394.569381	0.085876	0.577493	11143.339844
3394.570262	0.085840	0.577493	11218.964844
3394.571270	0.085997	0.577493	11305.650391
3394.572315	0.085833	0.577493	11395.345703
3394.573191	0.085920	0.577493	11470.612305
3394.574057	0.085931	0.577493	11545.029297
3394.575146	0.085983	0.577493	11638.664062
3394.576106	0.085840	0.577493	11721.070312
3395.589106	1.091085	0.584925	514.992187
3395.589992	1.519603	0.584925	1861.360718
3395.590856	1.510979	0.584925	3166.846680
3395.591935	1.467184	0.584925	4749.937988
3395.592864	1.428442	0.584925	6076.960937
3395.593743	1.393433	0.584925	7301.788086
3395.594726	1.356789	0.584925	8635.511719
3395.595753	1.318879	0.584925	9990.000977
3395.596655	0.963915	0.584925	10859.452148
3395.597520	0.116799	0.584925	10960.483398
3395.598610	0.085950	0.584925	11054.168945
3395.599545	0.085880	0.584925	11134.466797
3395.600419	0.085873	0.584925	11209.519531
3395.601388	0.085946	0.584925	11292.800781
3395.602401	0.085898	0.584925	11379.815430
3395.603290	0.085873	0.584925	11456.156250
3395.604150	0.085939	0.584925	11530.063477
3395.605215	0.085887	0.584925	11621.533203
3395.606148	0.085917	0.584925	11701.693359
3396.615897	1.051718	0.594771	469.066010
3396.616774	1.517904	0.594771	1800.267944
3396.617644	1.511191	0.594771	3115.004395
3396.618768	1.467268	0.594771	4764.213867
3396.619654	1.430002	0.594771	6031.196289
3396.620518	1.395238	0.594771	7236.682129
3396.621544	1.355988	0.594771	8627.925781
3396.622513	1.321113	0.594771	9908.084961
3396.623399	1.047594	0.594771	10836.252930
3396.624260	0.136718	0.594771	10953.966797
3396.625370	0.085898	0.594771	11049.314453
3396.626273	0.085950	0.594771	11126.926758
3396.627149	0.086016	0.594771	11202.276367
3396.628133	0.086100	0.594771	11286.999023
3396.629132	0.085950	0.594771	11372.862305
3396.630030	0.085869	0.594771	11449.972656
3396.630888	0.085968	0.594771	11523.733398
3396.631987	0.085975	0.594771	11618.220703
3396.632876	0.085953	0.594771	11694.632812
3397.647812	1.042489	0.589490	447.227814
3397.648864	1.524067	0.589490	2050.546631
3397.649759	1.506046	0.589490	3398.458008
3397.650646	1.468433	0.589490	4700.957520
3397.651644	1.428512	0.589490	6126.612305
3397.652598	1.390126	0.589490	7452.791992
3397.653528	1.354966	0.589490	8712.910156
3397.654392	1.322915	0.589490	9855.908203
3397.655416	0.932454	0.589490	10810.740234
3397.656315	0.110083	0.589490	10909.705078
3397.657190	0.085781	0.589490	10984.763672
3397.658124	0.085909	0.589490	11065.002930
3397.659112	0.085865	0.589490	11149.837891
3397.660024	0.085807	0.589490	11228.093750
3397.660900	0.085778	0.589490	11303.235352
3397.661965	0.085913	0.589490	11394.732422
3397.662863	0.085887	0.589490	11471.859375
3397.663738	0.085865	0.589490	11546.991211
3397.664599	0.086001	0.589490	11621.038086
3398.672863	1.041800	0.594098	475.061035
3398.673759	1.519032	0.594098	1836.113770
3398.674634	1.511836	0.594098	3158.970215
3398.675624	1.469780	0.594098	4614.052734
3398.676541	1.432310	0.594098	5927.480469
3398.677432	1.397036	0.594098	7172.239746
3398.678436	1.360115	0.594098	8537.794922
3398.679347	1.325369	0.594098	9745.206055
3398.680260	1.129607	0.594098	10776.537109
3398.681142	0.166439	0.594098	10923.336914
3398.682111	0.085876	0.594098	11006.550781
3398.683032	0.085972	0.594098	11085.730469
3398.683925	0.085917	0.594098	11162.454102
3398.684863	0.085994	0.594098	11243.116211
3398.685823	0.085865	0.594098	11325.546875
3398.686747	0.085851	0.594098	11404.873047
3398.687612	0.085928	0.594098	11479.200195
3398.688656	0.085928	0.594098	11568.909180
3398.689540	0.085939	0.594098	11644.878906
3399.706052	1.027595	0.581679	438.783173
3399.706972	1.515293	0.581679	1832.852783
3399.708044	1.503640	0.581679	3444.754883
3399.709002	1.463331	0.581679	4846.626465
3399.709877	1.427274	0.581679	6095.491211
3399.710920	1.386097	0.581679	7541.190918
3399.711956	1.347283	0.581679	8936.975586
3399.712854	1.314811	0.581679	10117.675781
3399.713824	0.745862	0.581679	10841.162109
3399.714880	0.089238	0.581679	10935.397461
3399.715811	0.085986	0.581679	11015.451172
3399.716674	0.085961	0.581679	11089.634766
3399.717752	0.085979	0.581679	11182.320312
3399.718749	0.085928	0.581679	11267.990234
3399.719643	0.085935	0.581679	11344.816406
3399.720624	0.086034	0.581679	11429.215820
3399.721675	0.085931	0.581679	11519.529297
3399.722589	0.085891	0.581679	11598.034180
3399.723454	0.085902	0.581679	11672.339844
3400.730915	1.117903	0.578569	575.719910
3400.731940	1.524800	0.578569	2138.639648
3400.732817	1.503889	0.578569	3457.550293
3400.733797	1.462467	0.578569	4890.768066
3400.734856	1.419716	0.578569	6394.247070
3400.735765	1.383366	0.578569	7651.726562
3400.736640	1.349414	0.578569	8832.463867
3400.737743	1.310533	0.578569	10277.982422
3400.738736	0.545347	0.578569	10819.511719
3400.739631	0.088246	0.578569	10898.492187
3400.740606	0.085953	0.578569	10982.296875
3400.741651	0.085917	0.578569	11072.080078
3400.742546	0.085840	0.578569	11148.906250
3400.743410	0.085928	0.578569	11223.147461
3400.744525	0.086030	0.578569	11319.071289
3400.745494	0.085862	0.578569	11402.271484
3400.746354	0.085811	0.578569	11476.068359
3400.747424	0.086034	0.578569	11568.125000
3400.748449	0.085931	0.578569	11656.205078
3401.764618	1.098336	0.566915	553.561462
3401.765551	1.523064	0.566915	1974.580078
3401.766420	1.507892	0.566915	3284.937988
3401.767483	1.463350	0.566915	4840.478516
3401.768505	1.421781	0.566915	6293.539062
3401.769402	1.386566	0.566915	7537.289062
3401.770387	1.350062	0.566915	8867.100586
3401.771447	1.311632	0.566915	10257.430664
3401.772362	0.679589	0.566915	10879.253906
3401.773225	0.092080	0.566915	10958.718750
3401.774338	0.085953	0.566915	11054.384766
3401.775303	0.085803	0.566915	11137.184570
3401.776184	0.085961	0.566915	11212.916016
3401.777205	0.086005	0.566915	11300.726562
3401.778245	0.085917	0.566915	11390.080078
3401.779128	0.085924	0.566915	11465.951172
3401.780010	0.085964	0.566915	11541.771484
3401.781092	0.086129	0.566915	11634.962891
3401.782054	0.085931	0.566915	11717.628906
3402.787622	1.118672	0.565328	578.353394
3402.788583	1.524221	0.565328	2043.130005
3402.789448	1.506984	0.565328	3346.670898
3402.790525	1.462189	0.565328	4921.448242
3402.791554	1.420078	0.565328	6382.708496
3402.792432	1.384757	0.565328	7598.525391
3402.793364	1.349725	0.565328	8856.469727
3402.794436	1.310903	0.565328	10261.757812
3402.795386	0.626180	0.565328	10856.628906
3402.796256	0.090275	0.565328	10935.167969
3402.797309	0.086074	0.565328	11025.803711
3402.798339	0.085986	0.565328	11114.369141
3402.799231	0.085961	0.565328	11191.045898
3402.800197	0.086133	0.565328	11274.250000
3402.801254	0.086038	0.565328	11365.191406
3402.802184	0.085917	0.565328	11445.093750
3402.803048	0.085961	0.565328	11519.364258
3402.804134	0.086067	0.565328	11612.833008
3402.805110	0.085920	0.565328	11696.691406
3403.820364	1.155538	0.555257	658.656860
3403.821415	1.525067	0.555257	2261.502441
3403.822300	1.500502	0.555257	3589.446533
3403.823216	1.460951	0.555257	4927.677734
3403.824316	1.417357	0.555257	6486.770508
3403.825257	1.380099	0.555257	7785.443359
3403.826124	1.347312	0.555257	8953.562500
3403.827143	1.310515	0.555257	10288.977539
3403.828175	0.510784	0.555257	10816.106445
3403.829064	0.087682	0.555257	10894.055664
3403.830015	0.085942	0.555257	10975.787109
3403.831074	0.085814	0.555257	11066.664062
3403.832006	0.085800	0.555257	11146.628906
3403.832871	0.085880	0.555257	11220.915039
3403.833927	0.085957	0.555257	11311.685547
3403.834931	0.085876	0.555257	11397.905273
3403.835818	0.085880	0.555257	11474.081055
3403.836788	0.086019	0.555257	11557.519531
3403.837835	0.085961	0.555257	11647.520508
3404.846010	1.024570	0.562959	431.344116
3404.846952	1.514436	0.562959	1857.942871
3404.848027	1.503973	0.562959	3474.714355
3404.848905	1.465895	0.562959	4761.770020
3404.849772	1.430211	0.562959	6001.763184
3404.850805	1.389236	0.562959	7436.843750
3404.851762	1.353417	0.562959	8732.063477
3404.852647	1.321036	0.562959	9901.180664
3404.853580	0.953027	0.562959	10790.355469
3404.854643	0.099950	0.562959	10896.602539
3404.855535	0.085898	0.562959	10973.223633
3404.856397	0.085869	0.562959	11047.243164
3404.857442	0.085946	0.562959	11137.056641
3404.858425	0.085869	0.562959	11221.465820
3404.859303	0.085898	0.562959	11296.884766
3404.860190	0.085964	0.562959	11373.134766
3404.861288	0.085913	0.562959	11467.467773
3404.862171	0.085924	0.562959	11543.338867
3404.863029	0.085924	0.562959	11617.061523
3405.877174	1.047059	0.552836	440.811951
3405.878236	1.524412	0.552836	2059.737061
3405.879130	1.505643	0.552836	3405.782227
3405.880014	1.468326	0.552836	4703.782715
3405.881031	1.427501	0.552836	6155.551270
3405.881945	1.389917	0.552836	7425.935547
3405.882878	1.355270	0.552836	8690.402344
3405.883740	1.322435	0.552836	9830.341797
3405.884784	0.983610	0.552836	10857.230469
3405.885669	0.119890	0.552836	10963.333008
3405.886544	0.085818	0.552836	11038.423828
3405.887549	0.086005	0.552836	11124.858398
3405.888477	0.085876	0.552836	11204.551758
3405.889398	0.085906	0.552836	11283.670898
3405.890264	0.085931	0.552836	11358.087891
3405.891308	0.085928	0.552836	11447.796875
3405.892191	0.085891	0.552836	11523.638672
3405.893071	0.085917	0.552836	11599.245117
3405.894026	0.085990	0.552836	11681.365234
3406.905532	1.024922	0.569731	431.492126
3406.906513	1.516066	0.569731	1918.752686
3406.907572	1.502095	0.569731	3509.471191
3406.908483	1.462976	0.569731	4842.242187
3406.909391	1.426055	0.569731	6137.099609
3406.910288	1.390708	0.569731	7384.564941
3406.911234	1.355365	0.569731	8666.740234
3406.912187	1.320414	0.569731	9925.094727
3406.913089	1.018491	0.569731	10843.773437
3406.914063	0.126606	0.569731	10967.087891
3406.915011	0.085833	0.569731	11048.457031
3406.915928	0.085891	0.569731	11127.218750
3406.916809	0.085891	0.569731	11202.888672
3406.917760	0.085884	0.569731	11284.564453
3406.918675	0.085887	0.569731	11363.151367
3406.919567	0.085833	0.569731	11439.713867
3406.920438	0.085884	0.569731	11514.518555
3406.921449	0.085873	0.569731	11601.335937
3406.922370	0.085873	0.569731	11680.424805
3407.932351	1.028998	0.577219	437.324066
3407.933397	1.520299	0.577219	2027.556885
3407.934433	1.500557	0.577219	3582.133789
3407.935311	1.462676	0.577219	4866.363281
3407.936277	1.423579	0.577219	6241.540527
3407.937348	1.381000	0.577219	7720.591309
3407.938287	1.346180	0.577219	8984.654297
3407.939161	1.314163	0.577219	10133.232422
3407.940227	0.618329	0.577219	10792.371094
3407.941234	0.087437	0.577219	10880.419922
3407.942126	0.086034	0.577219	10957.162109
3407.943086	0.086100	0.577219	11039.818359
3407.944160	0.085986	0.577219	11132.167969
3407.945072	0.085939	0.577219	11210.543945
3407.945934	0.085986	0.577219	11284.664062
3407.947030	0.086041	0.577219	11378.964844
3407.948012	0.085913	0.577219	11463.331055
3407.948908	0.085950	0.577219	11540.341797
3407.949902	0.086100	0.577219	11625.924805
3408.964349	1.095143	0.581719	528.953979
3408.965234	1.520065	0.581719	1874.211182
3408.966219	1.506962	0.581719	3358.568359
3408.967272	1.462148	0.581719	4898.210937
3408.968207	1.423729	0.581719	6229.397461
3408.969068	1.388720	0.581719	7425.084961
3408.970134	1.349227	0.581719	8863.361328
3408.971147	1.312397	0.581719	10192.820312
3408.972042	0.766996	0.581719	10879.281250
3408.973023	0.094644	0.581719	10972.126953
3408.974069	0.086016	0.581719	11062.099609
3408.974983	0.085950	0.581719	11140.657227
3408.975843	0.086008	0.581719	11214.624023
3408.976941	0.086012	0.581719	11309.065430
3408.977906	0.085854	0.581719	11391.915039
3408.978788	0.085968	0.581719	11467.739258
3408.979782	0.085979	0.581719	11553.202148
3408.980832	0.085939	0.581719	11643.437500
3408.981725	0.085931	0.581719	11720.173828
3409.987573	1.090847	0.591943	522.515747
3409.988459	1.520010	0.591943	1869.244385
3409.989427	1.507573	0.591943	3328.575195
3409.990467	1.463240	0.591943	4850.344727
3409.991406	1.425044	0.591943	6188.460937
3409.992275	1.389734	0.591943	7396.139648
3409.993358	1.350022	0.591943	8858.212891
3409.994367	1.313199	0.591943	10183.231445
3409.995255	0.795432	0.591943	10889.575195
3409.996252	0.096746	0.591943	10986.030273
3409.997289	0.085961	0.591943	11075.171875
3409.998195	0.085869	0.591943	11152.969727
3409.999053	0.085939	0.591943	11226.705078
3410.000148	0.086049	0.591943	11320.928711
3410.001135	0.085939	0.591943	11405.750000
3410.002006	0.085913	0.591943	11480.580078
3410.003001	0.086030	0.591943	11566.180664
3410.004077	0.085964	0.591943	11658.678711
3410.004962	0.085906	0.591943	11734.705078
3411.023632	1.101951	0.589586	559.790955
3411.024570	1.523170	0.589586	1988.524414
3411.025440	1.507683	0.589586	3300.208740
3411.026503	1.462976	0.589586	4855.352539
3411.027527	1.420953	0.589586	6310.408691
3411.028425	1.385790	0.589586	7554.847656
3411.029392	1.350011	0.589586	8860.308594
3411.030438	1.311991	0.589586	10232.651367
3411.031366	0.686422	0.589586	10869.651367
3411.032230	0.092615	0.589586	10949.670898
3411.033296	0.086052	0.589586	11041.402344
3411.034283	0.085957	0.589586	11126.242187
3411.035165	0.085975	0.589586	11202.072266
3411.036165	0.086056	0.589586	11288.127930
3411.037205	0.085939	0.589586	11377.503906
3411.038105	0.085909	0.589586	11454.822266
3411.038964	0.085884	0.589586	11528.596680
3411.040056	0.085997	0.589586	11622.505859
3411.041050	0.085939	0.589586	11707.928711
3412.044023	1.091459	0.593997	527.174561
3412.044912	1.519867	0.593997	1878.336304
3412.045864	1.507577	0.593997	3313.549561
3412.046905	1.463734	0.593997	4837.296875
3412.047845	1.425326	0.593997	6177.103027
3412.048712	1.390173	0.593997	7382.383301
3412.049782	1.350652	0.593997	8827.581055
3412.050799	1.313833	0.593997	10163.749023
3412.051691	0.814006	0.593997	10889.842773
3412.052679	0.097778	0.593997	10986.447266
3412.053729	0.085778	0.593997	11076.513672
3412.054627	0.085865	0.593997	11153.621094
3412.055490	0.085902	0.593997	11227.754883
3412.056545	0.086038	0.593997	11318.524414
3412.057537	0.085873	0.593997	11403.709961
3412.058435	0.085909	0.593997	11480.856445
3412.059417	0.086012	0.593997	11565.320312
3412.060462	0.085942	0.593997	11655.129883
3412.061370	0.085847	0.593997	11733.079102
3413.083656	1.093363	0.597171	546.681519
3413.084563	1.521248	0.597171	1926.453003
3413.085426	1.508159	0.597171	3227.994385
3413.086521	1.463763	0.597171	4830.815430
3413.087524	1.422634	0.597171	6257.717773
3413.088404	1.387493	0.597171	7478.711426
3413.089406	1.349766	0.597171	8831.176758
3413.090469	1.311757	0.597171	10225.574219
3413.091368	0.727874	0.597171	10879.932617
3413.092280	0.093842	0.597171	10965.515625
3413.093357	0.085924	0.597171	11058.055664
3413.094313	0.085865	0.597171	11140.142578
3413.095175	0.085836	0.597171	11214.133789
3413.096207	0.086045	0.597171	11302.932617
3413.097237	0.085906	0.597171	11391.416016
3413.098133	0.085781	0.597171	11468.276367
3413.099079	0.085840	0.597171	11549.480469
3413.100132	0.085880	0.597171	11639.912109
3413.101074	0.085825	0.597171	11720.759766
3414.099269	1.139857	0.587097	641.739563
3414.100320	1.524294	0.587097	2243.772949
3414.101217	1.499835	0.587097	3589.125000
3414.102079	1.460826	0.587097	4848.357422
3414.103237	1.416262	0.587097	6488.389160
3414.104200	1.378645	0.587097	7816.024414
3414.105066	1.345895	0.587097	8981.569336
3414.106106	1.308146	0.587097	10342.041016
3414.107155	0.426339	0.587097	10789.270508
3414.108050	0.086682	0.587097	10866.850586
3414.109002	0.085924	0.587097	10948.650391
3414.110055	0.086093	0.587097	11039.305664
3414.110982	0.085876	0.587097	11118.913086
3414.111853	0.085931	0.587097	11193.759766
3414.112925	0.086019	0.587097	11285.972656
3414.113912	0.085953	0.587097	11370.808594
3414.114808	0.085887	0.587097	11447.763672
3414.115778	0.085986	0.587097	11531.169922
3414.116824	0.085957	0.587097	11621.081055
3415.142156	1.066003	0.598706	538.331726
3415.143229	1.523163	0.598706	2172.685547
3415.144169	1.499663	0.598706	3582.368652
3415.145037	1.461969	0.598706	4851.357910
3415.146097	1.418980	0.598706	6355.476074
3415.147126	1.378638	0.598706	7774.094238
3415.148024	1.345364	0.598706	8982.230469
3415.148998	1.310618	0.598706	10258.772461
3415.150064	0.488408	0.598706	10779.416016
3415.150978	0.087048	0.598706	10858.978516
3415.151847	0.085964	0.598706	10933.681641
3415.152918	0.085964	0.598706	11025.749023
3415.153902	0.085873	0.598706	11110.248047
3415.154799	0.085939	0.598706	11187.334961
3415.155782	0.086030	0.598706	11271.902344
3415.156828	0.086005	0.598706	11361.863281
3415.157738	0.085858	0.598706	11439.994141
3415.158597	0.085891	0.598706	11513.774414
3415.159676	0.086001	0.598706	11606.569336
3416.156430	1.101006	0.571354	558.209961
3416.157371	1.522983	0.571354	1991.337402
3416.158241	1.507295	0.571354	3302.684082
3416.159309	1.462559	0.571354	4864.696777
3416.160331	1.421067	0.571354	6317.027344
3416.161229	1.385427	0.571354	7561.141113
3416.162199	1.349487	0.571354	8870.143555
3416.163269	1.310687	0.571354	10272.579102
3416.164190	0.652456	0.571354	10873.491211
3416.165046	0.091399	0.571354	10951.728516
3416.166133	0.086005	0.571354	11045.215820
3416.167115	0.085822	0.571354	11129.492187
3416.167992	0.085818	0.571354	11204.754883
3416.168995	0.085953	0.571354	11290.965820
3416.170044	0.085887	0.571354	11381.061523
3416.170946	0.085822	0.571354	11458.472656
3416.171802	0.085854	0.571354	11531.963867
3416.172881	0.085931	0.571354	11624.683594
3416.173864	0.085822	0.571354	11709.045898
3417.200344	1.058401	0.574093	474.163574
3417.201217	1.517113	0.574093	1798.603149
3417.202078	1.511353	0.574093	3099.877686
3417.203192	1.466481	0.574093	4733.537109
3417.204110	1.428336	0.574093	6044.749512
3417.204996	1.393293	0.574093	7279.207520
3417.206012	1.355863	0.574093	8656.764648
3417.207004	1.318879	0.574093	9965.092773
3417.207905	0.987495	0.574093	10854.826172
3417.208760	0.122483	0.574093	10959.548828
3417.209860	0.085811	0.574093	11053.940430
3417.210765	0.085785	0.574093	11131.576172
3417.211635	0.085869	0.574093	11206.282227
3417.212619	0.085964	0.574093	11290.871094
3417.213637	0.085847	0.574093	11378.263672
3417.214530	0.085906	0.574093	11454.977539
3417.215394	0.085891	0.574093	11529.187500
3417.216480	0.085946	0.574093	11622.525391
3417.217404	0.085822	0.574093	11701.824219
3418.214117	1.081875	0.560010	506.317474
3418.215004	1.518783	0.560010	1853.478027
3418.215871	1.509536	0.560010	3162.245605
3418.216929	1.466741	0.560010	4714.057129
3418.217825	1.429526	0.560010	5994.912598
3418.218753	1.393341	0.560010	7287.933105
3418.219622	1.358694	0.560010	8468.637695
3418.220643	1.322937	0.560010	9819.356445
3418.221572	1.080454	0.560010	10823.098633
3418.222435	0.147081	0.560010	10950.030273
3418.223454	0.085646	0.560010	11037.303711
3418.224332	0.085789	0.560010	11112.625977
3418.225205	0.085792	0.560010	11187.522461
3418.226166	0.085844	0.560010	11270.017578
3418.227114	0.085763	0.560010	11351.321289
3418.228025	0.085829	0.560010	11429.511719
3418.228903	0.085869	0.560010	11504.905273
3418.229940	0.085942	0.560010	11594.027344
3418.230838	0.085829	0.560010	11671.101562
3419.255359	1.122550	0.558528	626.382935
3419.256417	1.524163	0.558528	2238.947021
3419.257321	1.499341	0.558528	3594.351074
3419.258185	1.460841	0.558528	4856.517578
3419.259289	1.418009	0.558528	6421.999512
3419.260273	1.379520	0.558528	7779.447266
3419.261136	1.346759	0.558528	8941.700195
3419.262189	1.308717	0.558528	10319.779297
3419.263233	0.456083	0.558528	10795.929687
3419.264122	0.086913	0.558528	10873.195312
3419.265054	0.085902	0.558528	10953.255859
3419.266112	0.085990	0.558528	11044.233398
3419.267059	0.085876	0.558528	11125.558594
3419.267922	0.085865	0.558528	11199.660156
3419.268952	0.085880	0.558528	11288.116211
3419.269984	0.085847	0.558528	11376.710937
3419.270881	0.085833	0.558528	11453.703125
3419.271828	0.085913	0.558528	11535.062500
3419.272875	0.085942	0.558528	11625.043945
3420.271920	1.126564	0.566915	612.850708
3420.272990	1.524093	0.566915	2243.630371
3420.273898	1.499007	0.566915	3604.729004
3420.274771	1.460072	0.566915	4879.372070
3420.275882	1.416610	0.566915	6453.225586
3420.276849	1.379191	0.566915	7786.902832
3420.277719	1.346642	0.566915	8958.481445
3420.278763	1.308809	0.566915	10324.877930
3420.279808	0.458189	0.566915	10803.684570
3420.280695	0.086924	0.566915	10880.786133
3420.281627	0.085876	0.566915	10960.823242
3420.282690	0.085924	0.566915	11052.160156
3420.283636	0.085829	0.566915	11133.354492
3420.284500	0.085814	0.566915	11207.498047
3420.285557	0.085979	0.566915	11298.377930
3420.286561	0.085803	0.566915	11384.524414
3420.287454	0.085873	0.566915	11461.208984
3420.288407	0.085983	0.566915	11543.150391
3420.289455	0.085858	0.566915	11633.129883
3421.310911	1.030415	0.554600	436.895996
3421.311928	1.518768	0.554600	1981.483398
3421.313001	1.500157	0.554600	3591.152344
3421.313884	1.461713	0.554600	4881.844727
3421.314805	1.423759	0.554600	6193.126465
3421.315892	1.381278	0.554600	7694.575684
3421.316851	1.345624	0.554600	8985.029297
3421.317720	1.313976	0.554600	10126.874023
3421.318751	0.663508	0.554600	10810.951172
3421.319778	0.087828	0.554600	10901.151367
3421.320672	0.085811	0.554600	10977.866211
3421.321605	0.085884	0.554600	11057.996094
3421.322669	0.085836	0.554600	11149.326172
3421.323602	0.085807	0.554600	11229.383789
3421.324460	0.085807	0.554600	11303.005859
3421.325523	0.085833	0.554600	11394.246094
3421.326526	0.085789	0.554600	11480.291992
3421.327416	0.085829	0.554600	11556.679687
3421.328393	0.085950	0.554600	11640.652344
3422.329830	1.078070	0.578484	499.146423
3422.330704	1.518040	0.578484	1825.913086
3422.331682	1.507163	0.578484	3299.918457
3422.332745	1.462826	0.578484	4854.902344
3422.333659	1.424985	0.578484	6157.338867
3422.334532	1.389375	0.578484	7370.263184
3422.335633	1.348777	0.578484	8855.266602
3422.336621	1.313544	0.578484	10153.047852
3422.337498	0.834697	0.578484	10885.077148
3422.338550	0.091948	0.578484	10981.806641
3422.339587	0.085811	0.578484	11070.791992
3422.340474	0.085789	0.578484	11146.886719
3422.341396	0.085796	0.578484	11225.990234
3422.342464	0.085814	0.578484	11317.639648
3422.343421	0.085785	0.578484	11399.735352
3422.344287	0.085796	0.578484	11474.034180
3422.345328	0.085931	0.578484	11563.488281
3422.346347	0.085796	0.578484	11650.914062
3422.347235	0.085858	0.578484	11727.156250
3423.367613	1.031854	0.560667	438.538055
3423.368583	1.515454	0.560667	1908.528564
3423.369618	1.502582	0.560667	3463.700684
3423.370518	1.464650	0.560667	4781.885254
3423.371385	1.428223	0.560667	6020.154297
3423.372483	1.385801	0.560667	7541.763672
3423.373425	1.350128	0.560667	8813.583984
3423.374315	1.318074	0.560667	9986.669922
3423.375283	0.861522	0.560667	10820.623047
3423.376299	0.093589	0.560667	10915.708984
3423.377186	0.085756	0.560667	10991.774414
3423.378048	0.085895	0.560667	11065.815430
3423.379104	0.085818	0.560667	11156.439453
3423.380031	0.085869	0.560667	11236.040039
3423.380907	0.085818	0.560667	11311.216797
3423.381846	0.085928	0.560667	11391.903320
3423.382915	0.085792	0.560667	11483.615234
3423.383794	0.085895	0.560667	11559.117187
3423.384663	0.085865	0.560667	11633.734375
3424.388393	1.132430	0.581062	595.658386
3424.389445	1.524324	0.581062	2199.247070
3424.390325	1.501194	0.581062	3520.297607
3424.391244	1.462555	0.581062	4864.385742
3424.392127	1.425963	0.581062	6123.511230
3424.393112	1.387595	0.581062	7490.292480
3424.394066	1.352087	0.581062	8780.183594
3424.394943	1.319685	0.581062	9937.547852
3424.396044	0.773943	0.581062	10789.659180
3424.396950	0.094193	0.581062	10874.998047
3424.397881	0.085836	0.581062	10954.911133
3424.398743	0.085862	0.581062	11028.923828
3424.399731	0.085781	0.581062	11113.675781
3424.400655	0.085825	0.581062	11192.978516
3424.401530	0.085847	0.581062	11268.094727
3424.402528	0.085873	0.581062	11353.795898
3424.403417	0.085920	0.581062	11430.178711
3424.404326	0.085800	0.581062	11508.170898
3424.405198	0.085891	0.581062	11583.068359
3425.424341	1.052179	0.554419	473.480499
3425.425425	1.522277	0.554419	2123.628418
3425.426387	1.500502	0.554419	3567.111084
3425.427251	1.463335	0.554419	4831.432617
3425.428282	1.421115	0.554419	6296.601562
3425.429335	1.380747	0.554419	7750.528320
3425.430212	1.347067	0.554419	8931.906250
3425.431162	1.313071	0.554419	10179.324219
3425.432235	0.567524	0.554419	10788.278320
3425.433171	0.087587	0.554419	10870.259766
3425.434036	0.085902	0.554419	10944.565430
3425.435086	0.085953	0.554419	11034.816406
3425.436099	0.085840	0.554419	11121.772461
3425.436993	0.085858	0.554419	11198.529297
3425.437974	0.085953	0.554419	11282.849609
3425.439020	0.085953	0.554419	11372.756836
3425.439941	0.085924	0.554419	11451.892578
3425.440804	0.085917	0.554419	11526.039062
3425.441865	0.086019	0.554419	11617.305664
3426.446538	1.044239	0.574162	456.332611
3426.447410	1.515381	0.574162	1777.744751
3426.448492	1.504244	0.574162	3405.337158
3426.449477	1.462430	0.574162	4845.831055
3426.450374	1.426260	0.574162	6125.186035
3426.451387	1.386639	0.574162	7529.851562
3426.452442	1.347502	0.574162	8951.466797
3426.453329	1.314390	0.574162	10117.330078
3426.454223	0.810212	0.574162	10841.660156
3426.455310	0.091161	0.574162	10940.751953
3426.456258	0.085895	0.574162	11022.180664
3426.457117	0.085887	0.574162	11095.958008
3426.458152	0.085997	0.574162	11184.964844
3426.459188	0.085924	0.574162	11273.982422
3426.460060	0.085898	0.574162	11348.885742
3426.460987	0.085895	0.574162	11428.509766
3426.462050	0.086001	0.574162	11519.928711
3426.463001	0.085961	0.574162	11601.677734
3426.463869	0.085854	0.574162	11676.199219
3427.480504	1.028463	0.559285	434.011444
3427.481578	1.521702	0.559285	2068.319092
3427.482593	1.499231	0.559285	3590.038574
3427.483485	1.461394	0.559285	4893.602051
3427.484462	1.422188	0.559285	6283.079102
3427.485518	1.380476	0.559285	7740.861816
3427.486442	1.345789	0.559285	8984.370117
3427.487308	1.313624	0.559285	10121.968750
3427.488409	0.589014	0.559285	10770.472656
3427.489398	0.087023	0.559285	10856.538086
3427.490294	0.085748	0.559285	10933.368164
3427.491299	0.085847	0.559285	11019.644531
3427.492341	0.085865	0.559285	11109.116211
3427.493221	0.085818	0.559285	11184.635742
3427.494085	0.085818	0.559285	11258.782227
3427.495188	0.085814	0.559285	11353.435547
3427.496152	0.085880	0.559285	11436.223633
3427.497018	0.085811	0.559285	11510.535156
3427.498074	0.085876	0.559285	11601.220703
3428.504000	1.052999	0.569618	445.418701
3428.505114	1.522896	0.569618	2141.924316
3428.506076	1.499963	0.569618	3584.889160
3428.506945	1.462775	0.569618	4856.040039
3428.508003	1.419785	0.569618	6358.172852
3428.509037	1.379531	0.569618	7784.607910
3428.509924	1.346140	0.569618	8978.634766
3428.510876	1.312130	0.569618	10227.782227
3428.511936	0.565342	0.569618	10827.044922
3428.512865	0.087616	0.569618	10908.440430
3428.513722	0.085844	0.569618	10982.008789
3428.514782	0.085829	0.569618	11072.987305
3428.515794	0.085770	0.569618	11159.787109
3428.516663	0.085792	0.569618	11234.340820
3428.517622	0.085950	0.569618	11316.766602
3428.518667	0.085814	0.569618	11406.442383
3428.519582	0.085767	0.569618	11484.918945
3428.520452	0.085876	0.569618	11559.631836
3428.521547	0.085902	0.569618	11653.694336
3429.537589	1.095256	0.552280	600.200439
3429.538661	1.523665	0.552280	2233.568848
3429.539570	1.498315	0.552280	3595.537598
3429.540433	1.460295	0.552280	4855.772461
3429.541528	1.417493	0.552280	6407.926758
3429.542535	1.378239	0.552280	7795.812988
3429.543413	1.345020	0.552280	8976.740234
3429.544411	1.309373	0.552280	10283.494141
3429.545472	0.470815	0.552280	10783.029297
3429.546358	0.086858	0.552280	10859.985352
3429.547241	0.085833	0.552280	10935.775391
3429.548346	0.085847	0.552280	11030.636719
3429.549305	0.085701	0.552280	11112.823242
3429.550168	0.085763	0.552280	11186.836914
3429.551196	0.085847	0.552280	11275.087891
3429.552231	0.085704	0.552280	11363.791992
3429.553127	0.085730	0.552280	11440.606445
3429.554052	0.085796	0.552280	11519.967773
3429.555112	0.085884	0.552280	11611.004883
3430.561357	1.145222	0.570532	653.921875
3430.562359	1.524368	0.570532	2181.338379
3430.563244	1.501190	0.570532	3509.891602
3430.564113	1.463020	0.570532	4781.255859
3430.565214	1.419825	0.570532	6344.483398
3430.566122	1.383695	0.570532	7600.878418
3430.567005	1.350626	0.570532	8793.481445
3430.568004	1.314998	0.570532	10107.164062
3430.569008	0.711394	0.570532	10821.403320
3430.569901	0.091904	0.570532	10903.473633
3430.570762	0.085767	0.570532	10977.318359
3430.571872	0.085792	0.570532	11072.547852
3430.572787	0.085675	0.570532	11150.940430
3430.573663	0.085774	0.570532	11226.078125
3430.574660	0.085803	0.570532	11311.624023
3430.575652	0.085836	0.570532	11396.773437
3430.576542	0.085792	0.570532	11473.128906
3430.577400	0.085774	0.570532	11546.722656
3430.578486	0.085840	0.570532	11639.944336
3431.594175	1.028690	0.555402	437.193329
3431.595071	1.513938	0.555402	1793.681763
3431.596040	1.507236	0.555402	3254.193848
3431.596973	1.468696	0.555402	4624.487305
3431.597851	1.431647	0.555402	5881.473145
3431.598879	1.392045	0.555402	7312.495117
3431.599776	1.357416	0.555402	8530.096680
3431.600702	1.324193	0.555402	9756.299805
3431.601572	1.108905	0.555402	10721.046875
3431.602571	0.141021	0.555402	10861.926758
3431.603492	0.085767	0.555402	10940.917969
3431.604357	0.085902	0.555402	11015.223633
3431.605390	0.085858	0.555402	11103.915039
3431.606272	0.085847	0.555402	11179.631836
3431.607173	0.085851	0.555402	11256.983398
3431.608053	0.085862	0.555402	11332.541992
3431.609010	0.085836	0.555402	11414.687500
3431.609929	0.085778	0.555402	11493.517578
3431.610811	0.085800	0.555402	11569.192383
3432.617251	1.097915	0.568055	578.601257
3432.618310	1.523507	0.568055	2191.995361
3432.619228	1.499242	0.568055	3568.299316
3432.620094	1.461738	0.568055	4834.164551
3432.621166	1.419217	0.568055	6355.565430
3432.622168	1.379725	0.568055	7738.050293
3432.623050	1.346755	0.568055	8925.888672
3432.624060	1.310867	0.568055	10249.864258
3432.625121	0.526069	0.568055	10808.023437
3432.626014	0.087352	0.568055	10886.029297
3432.626870	0.085800	0.568055	10959.473633
3432.627996	0.085939	0.568055	11056.240234
3432.628960	0.085873	0.568055	11139.021484
3432.629823	0.085833	0.568055	11213.094727
3432.630855	0.086005	0.568055	11301.851562
3432.631895	0.085833	0.568055	11391.117187
3432.632789	0.085829	0.568055	11467.848633
3432.633719	0.085887	0.568055	11547.723633
3432.634787	0.085884	0.568055	11639.447266
3433.652931	1.032330	0.537850	440.805084
3433.653930	1.516941	0.537850	1956.229004
3433.654985	1.501091	0.537850	3539.880371
3433.655888	1.462383	0.537850	4860.412109
3433.656753	1.425593	0.537850	6093.550293
3433.657844	1.384156	0.537850	7603.665039
3433.658822	1.347777	0.537850	8921.791016
3433.659682	1.316096	0.537850	10053.633789
3433.660790	0.649863	0.537850	10773.682617
3433.661827	0.087671	0.537850	10864.597656
3433.662698	0.085840	0.537850	10939.364258
3433.663613	0.085917	0.537850	11017.978516
3433.664690	0.085854	0.537850	11110.443359
3433.665630	0.085840	0.537850	11191.132812
3433.666498	0.085781	0.537850	11265.590820
3433.667529	0.085972	0.537850	11354.227539
3433.668552	0.085825	0.537850	11442.026367
3433.669444	0.085865	0.537850	11518.618164
3433.670401	0.085851	0.537850	11600.777344
3434.673691	1.093389	0.569090	570.748901
3434.674750	1.523174	0.569090	2183.790039
3434.675669	1.499810	0.569090	3562.115234
3434.676531	1.462028	0.569090	4822.382812
3434.677615	1.419089	0.569090	6360.675781
3434.678612	1.379744	0.569090	7736.280273
3434.679500	1.346759	0.569090	8932.202148
3434.680526	1.310347	0.569090	10276.618164
3434.681575	0.510282	0.569090	10811.904297
3434.682473	0.087290	0.569090	10890.291016
3434.683331	0.085807	0.569090	10963.913086
3434.684431	0.085957	0.569090	11058.465820
3434.685406	0.085807	0.569090	11142.127930
3434.686277	0.085854	0.569090	11216.907227
3434.687322	0.085935	0.569090	11306.708984
3434.688366	0.085851	0.569090	11396.336914
3434.689252	0.085851	0.569090	11472.400391
3434.690178	0.085884	0.569090	11551.928711
3434.691240	0.085913	0.569090	11643.167969
3435.710536	1.160867	0.531530	648.924438
3435.711581	1.524335	0.531530	2241.854004
3435.712463	1.500172	0.531530	3565.005859
3435.713371	1.461112	0.531530	4891.695312
3435.714455	1.417910	0.531530	6428.709961
3435.715398	1.380729	0.531530	7730.737305
3435.716258	1.348293	0.531530	8890.269531
3435.717312	1.310559	0.531530	10271.598633
3435.718350	0.530314	0.531530	10822.064453
3435.719218	0.087968	0.531530	10898.419922
3435.720174	0.085891	0.531530	10980.532227
3435.721221	0.085906	0.531530	11070.475586
3435.722146	0.085854	0.531530	11149.890625
3435.723011	0.085774	0.531530	11224.084961
3435.724076	0.086012	0.531530	11315.687500
3435.725085	0.085902	0.531530	11402.362305
3435.725983	0.085836	0.531530	11479.443359
3435.726951	0.085968	0.531530	11562.660156
3435.727998	0.085891	0.531530	11652.587891
3436.730342	1.054098	0.569694	495.425995
3436.731418	1.522888	0.569694	2134.053711
3436.732302	1.502662	0.569694	3462.407227
3436.733168	1.465715	0.569694	4731.716797
3436.734227	1.422770	0.569694	6238.430176
3436.735204	1.384226	0.569694	7590.819336
3436.736081	1.351124	0.569694	8775.755859
3436.736963	1.317462	0.569694	9937.757812
3436.738078	0.752842	0.569694	10777.176758
3436.738962	0.093691	0.569694	10860.000000
3436.739829	0.085770	0.569694	10934.363281
3436.740891	0.085909	0.569694	11025.598633
3436.741860	0.085763	0.569694	11108.703125
3436.742738	0.085847	0.569694	11184.077148
3436.743608	0.085847	0.569694	11258.764648
3436.744746	0.085836	0.569694	11356.446289
3436.745640	0.085763	0.569694	11433.118164
3436.746504	0.085800	0.569694	11507.249023
3436.747539	0.085931	0.569694	11596.188477
3437.768892	1.025738	0.524033	434.913116
3437.769759	1.514495	0.524033	1747.979980
3437.770781	1.506574	0.524033	3287.698242
3437.771754	1.465990	0.524033	4714.106445
3437.772640	1.429629	0.524033	5980.757812
3437.773527	1.393264	0.524033	7216.583008
3437.774635	1.353457	0.524033	8716.212891
3437.775537	1.320007	0.524033	9906.859375
3437.776404	1.064564	0.524033	10829.836914
3437.777446	0.115587	0.524033	10950.278320
3437.778429	0.085741	0.524033	11034.561523
3437.779308	0.085840	0.524033	11110.014648
3437.780171	0.085858	0.524033	11184.110352
3437.781278	0.085774	0.524033	11279.062500
3437.782170	0.085792	0.524033	11355.588867
3437.783025	0.085825	0.524033	11428.969727
3437.784142	0.085946	0.524033	11524.971680
3437.785092	0.085807	0.524033	11606.488281
3437.785957	0.085814	0.524033	11680.717773
3438.785470	1.029653	0.585465	437.602661
3438.786389	1.513843	0.585465	1828.824219
3438.787478	1.502054	0.585465	3464.561523
3438.788425	1.462134	0.585465	4849.202148
3438.789306	1.425710	0.585465	6105.252930
3438.790359	1.384468	0.585465	7563.097656
3438.791389	1.346158	0.585465	8949.640625
3438.792294	1.313441	0.585465	10138.304687
3438.793250	0.738153	0.585465	10843.979492
3438.794295	0.089165	0.585465	10937.157227
3438.795221	0.085796	0.585465	11016.604492
3438.796080	0.085858	0.585465	11090.356445
3438.797152	0.085928	0.585465	11182.470703
3438.798148	0.085770	0.585465	11267.897461
3438.799032	0.085778	0.585465	11343.724609
3438.800024	0.085822	0.585465	11428.859375
3438.801065	0.085880	0.585465	11518.260742
3438.801975	0.085767	0.585465	11596.308594
3438.802832	0.085887	0.585465	11669.914062
3439.827213	1.102848	0.528892	560.246765
3439.828173	1.523430	0.528892	2022.739746
3439.829055	1.505801	0.528892	3350.855957
3439.830069	1.463090	0.528892	4834.428711
3439.831129	1.420305	0.528892	6339.952148
3439.832027	1.384376	0.528892	7583.122070
3439.832919	1.350154	0.528892	8787.458984
3439.834020	1.311357	0.528892	10231.263672
3439.834984	0.642634	0.528892	10850.762695
3439.835847	0.090839	0.528892	10929.156250
3439.836892	0.085891	0.528892	11018.912109
3439.837912	0.085833	0.528892	11106.460937
3439.838792	0.085909	0.528892	11182.061523
3439.839724	0.085887	0.528892	11262.108398
3439.840780	0.085928	0.528892	11352.847656
3439.841714	0.085785	0.528892	11432.970703
3439.842571	0.085935	0.528892	11506.617187
3439.843608	0.085931	0.528892	11595.728516
3439.844630	0.085865	0.528892	11683.483398
3440.841670	1.039647	0.592772	452.246552
3440.842535	1.514725	0.592772	1762.484009
3440.843612	1.504457	0.592772	3382.783936
3440.844604	1.462544	0.592772	4833.627441
3440.845499	1.425985	0.592772	6109.884277
3440.846501	1.387430	0.592772	7500.089844
3440.847545	1.347627	0.592772	8907.012695
3440.848452	1.314532	0.592772	10099.293945
3440.849320	0.855395	0.592772	10841.777344
3440.850413	0.092421	0.592772	10942.792969
3440.851408	0.085807	0.592772	11028.170898
3440.852288	0.085818	0.592772	11103.690430
3440.853307	0.085953	0.592772	11191.277344
3440.854354	0.085807	0.592772	11281.117187
3440.855224	0.085811	0.592772	11355.772461
3440.856101	0.085906	0.592772	11431.111328
3440.857194	0.085961	0.592772	11525.066406
3440.858157	0.085807	0.592772	11607.698242
3440.859022	0.085833	0.592772	11681.943359
3441.885375	1.027848	0.543567	435.807495
3441.886349	1.515692	0.543567	1912.091675
3441.887405	1.501769	0.543567	3497.959473
3441.888321	1.462650	0.543567	4837.747070
3441.889186	1.426080	0.543567	6071.306641
3441.890285	1.384281	0.543567	7592.631348
3441.891274	1.346788	0.543567	8924.605469
3441.892158	1.314851	0.543567	10086.933594
3441.893175	0.708911	0.543567	10807.896484
3441.894236	0.088755	0.543567	10902.065430
3441.895103	0.085829	0.543567	10976.479492
3441.895976	0.085917	0.543567	11051.484375
3441.897081	0.085953	0.543567	11146.462891
3441.898036	0.085807	0.543567	11228.408203
3441.898903	0.085811	0.543567	11302.805664
3441.899914	0.085946	0.543567	11389.697266
3441.900959	0.085931	0.543567	11479.495117
3441.901843	0.085887	0.543567	11555.419922
3441.902752	0.086016	0.543567	11633.608398
3442.899126	1.039233	0.571249	435.438812
3442.900222	1.521775	0.571249	2103.303955
3442.901209	1.499070	0.571249	3582.885742
3442.902109	1.461277	0.571249	4898.035156
3442.903111	1.421034	0.571249	6321.911133
3442.904151	1.380271	0.571249	7757.393066
3442.905047	1.346378	0.571249	8963.748047
3442.905953	1.312961	0.571249	10153.291016
3442.907043	0.592551	0.571249	10799.171875
3442.907994	0.087653	0.571249	10882.529297
3442.908856	0.085803	0.571249	10956.491211
3442.909901	0.085898	0.571249	11046.254883
3442.910930	0.085851	0.571249	11134.595703
3442.911805	0.085829	0.571249	11209.696289
3442.912752	0.085876	0.571249	11291.021484
3442.913799	0.085920	0.571249	11380.980469
3442.914734	0.085781	0.571249	11461.185547
3442.915598	0.085811	0.571249	11535.326172
3442.916637	0.085972	0.571249	11624.650391
3443.942334	1.037542	0.544445	447.180389
3443.943200	1.514297	0.544445	1758.561523
3443.944275	1.504761	0.544445	3376.179199
3443.945167	1.466807	0.544445	4684.570801
3443.946045	1.430753	0.544445	5940.771973
3443.947031	1.392598	0.544445	7313.873047
3443.947990	1.355647	0.544445	8613.938477
3443.948931	1.321674	0.544445	9857.633789
3443.949800	1.102258	0.544445	10815.496094
3443.950842	0.121058	0.544445	10941.638672
3443.951716	0.085767	0.544445	11016.598633
3443.952589	0.085778	0.544445	11091.482422
3443.953537	0.085946	0.544445	11172.958984
3443.954510	0.085836	0.544445	11256.477539
3443.955425	0.085811	0.544445	11334.994141
3443.956303	0.085770	0.544445	11410.300781
3443.957346	0.085844	0.544445	11499.835937
3443.958248	0.085807	0.544445	11577.233398
3443.959137	0.085818	0.544445	11653.525391
3444.957426	1.089434	0.557380	515.302063
3444.958311	1.519025	0.557380	1859.638916
3444.959279	1.506541	0.557380	3317.970215
3444.960338	1.461650	0.557380	4865.857910
3444.961262	1.423949	0.557380	6181.586914
3444.962138	1.388503	0.557380	7397.916016
3444.963225	1.348509	0.557380	8863.746094
3444.964217	1.312266	0.557380	10165.513672
3444.965123	0.776810	0.557380	10869.303711
3444.966110	0.094720	0.557380	10962.792969
3444.967174	0.085847	0.557380	11054.134766
3444.968080	0.085811	0.557380	11131.878906
3444.968940	0.085847	0.557380	11205.707031
3444.970027	0.085939	0.557380	11299.122070
3444.970986	0.085792	0.557380	11381.396484
3444.971865	0.085851	0.557380	11456.859375
3444.972871	0.085979	0.557380	11543.354492
3444.973926	0.085851	0.557380	11633.926758
3444.974808	0.085873	0.557380	11709.666992
3445.998270	1.029620	0.545754	436.559052
3445.999236	1.515092	0.545754	1900.137451
3446.000292	1.501333	0.545754	3485.544922
3446.001214	1.462452	0.545754	4833.925781
3446.002083	1.425945	0.545754	6073.071777
3446.003169	1.384054	0.545754	7576.154297
3446.004162	1.346576	0.545754	8913.303711
3446.005062	1.314331	0.545754	10096.201172
3446.006072	0.707875	0.545754	10811.154297
3446.007136	0.088531	0.545754	10905.351562
3446.008023	0.085876	0.545754	10981.524414
3446.008887	0.085913	0.545754	11055.752930
3446.009986	0.085917	0.545754	11150.175781
3446.010938	0.085825	0.545754	11231.881836
3446.011806	0.085840	0.545754	11306.390625
3446.012864	0.085994	0.545754	11397.372070
3446.013891	0.085953	0.545754	11485.646484
3446.014774	0.085854	0.545754	11561.456055
3446.015698	0.085920	0.545754	11640.846680
3447.014846	1.025178	0.543256	433.650391
3447.015833	1.515414	0.543256	1929.363892
3447.016894	1.500795	0.543256	3521.707031
3447.017817	1.461478	0.543256	4870.651367
3447.018684	1.424883	0.543256	6106.024902
3447.019778	1.382988	0.543256	7619.014160
3447.020770	1.345756	0.543256	8954.003906
3447.021660	1.313888	0.543256	10123.364258
3447.022655	0.701338	0.543256	10821.195312
3447.023730	0.088213	0.543256	10916.024414
3447.024628	0.085865	0.543256	10993.131836
3447.025487	0.085887	0.543256	11066.909180
3447.026589	0.085909	0.543256	11161.581055
3447.027547	0.085865	0.543256	11243.839844
3447.028410	0.085869	0.543256	11317.945312
3447.029454	0.085939	0.543256	11407.665039
3447.030485	0.085865	0.543256	11496.192383
3447.031368	0.085880	0.543256	11572.024414
3447.032306	0.085847	0.543256	11652.548828
3448.053747	1.083944	0.539619	518.125244
3448.054631	1.518926	0.539619	1860.855591
3448.055496	1.509928	0.539619	3166.943359
3448.056566	1.465587	0.539619	4735.121582
3448.057525	1.426256	0.539619	6102.901367
3448.058408	1.391283	0.539619	7331.404297
3448.059351	1.355955	0.539619	8610.069336
3448.060395	1.318165	0.539619	9986.234375
3448.061287	0.975923	0.539619	10856.757812
3448.062147	0.120000	0.539619	10959.958008
3448.063206	0.085818	0.539619	11050.838867
3448.064153	0.085906	0.539619	11132.191406
3448.065021	0.085895	0.539619	11206.748047
3448.065940	0.085942	0.539619	11285.729492
3448.067005	0.085862	0.539619	11377.171875
3448.067898	0.085869	0.539619	11453.852539
3448.068764	0.085844	0.539619	11528.193359
3448.069795	0.085920	0.539619	11616.777344
3448.070756	0.085880	0.539619	11699.308594
3449.073653	1.087408	0.538902	523.043457
3449.074542	1.518750	0.538902	1873.212158
3449.075464	1.507987	0.538902	3263.576172
3449.076345	1.470359	0.538902	4558.962402
3449.077308	1.430303	0.538902	5936.343750
3449.078275	1.392696	0.538902	7283.081055
3449.079170	1.358686	0.538902	8499.105469
3449.080182	1.323204	0.538902	9838.188477
3449.081080	1.093978	0.538902	10820.581055
3449.082013	0.139772	0.538902	10950.988281
3449.082881	0.085789	0.538902	11025.453125
3449.083842	0.085825	0.538902	11107.930664
3449.084775	0.085778	0.538902	11187.960937
3449.085665	0.085847	0.538902	11264.365234
3449.086643	0.085873	0.538902	11348.348633
3449.087574	0.085909	0.538902	11428.330078
3449.088495	0.085884	0.538902	11507.428711
3449.089360	0.085906	0.538902	11581.737305
3449.090420	0.085884	0.538902	11672.774414
3450.108089	1.024149	0.528557	432.190918
3450.109120	1.519384	0.528557	1998.675415
3450.110159	1.500029	0.528557	3557.205811
3450.111054	1.461764	0.528557	4865.484375
3450.111986	1.423810	0.528557	6192.475098
3450.113045	1.382208	0.528557	7656.233398
3450.113993	1.346744	0.528557	8932.947266
3450.114860	1.315089	0.528557	10073.129883
3450.115914	0.683243	0.528557	10793.268555
3450.116933	0.088381	0.528557	10883.329102
3450.117820	0.085818	0.528557	10959.449219
3450.118791	0.085979	0.528557	11042.934570
3450.119829	0.085972	0.528557	11132.172852
3450.120752	0.085869	0.528557	11211.429687
3450.121608	0.085902	0.528557	11284.961914
3450.122668	0.085990	0.528557	11376.111328
3450.123671	0.085811	0.528557	11462.179687
3450.124556	0.085825	0.528557	11538.134766
3450.125529	0.085994	0.528557	11621.806641
3451.131914	1.070266	0.538797	538.343872
3451.132979	1.523115	0.538797	2160.461426
3451.133932	1.498532	0.538797	3588.562012
3451.134801	1.460753	0.538797	4857.956543
3451.135884	1.417632	0.538797	6393.251953
3451.136881	1.378759	0.538797	7767.874023
3451.137770	1.345411	0.538797	8963.944336
3451.138760	1.310310	0.538797	10261.151367
3451.139799	0.524114	0.538797	10805.705078
3451.140714	0.087440	0.538797	10885.712891
3451.141574	0.085946	0.538797	10959.626953
3451.142654	0.086001	0.538797	11052.507812
3451.143650	0.085873	0.538797	11138.037109
3451.144527	0.085909	0.538797	11213.379883
3451.145508	0.086034	0.538797	11297.779297
3451.146569	0.085975	0.538797	11388.999023
3451.147455	0.085858	0.538797	11465.069336
3451.148323	0.085957	0.538797	11539.679687
3451.149413	0.086019	0.538797	11633.440430
3452.163542	1.064000	0.529955	477.736115
3452.164431	1.517047	0.529955	1826.390991
3452.165292	1.509686	0.529955	3126.230957
3452.166410	1.465302	0.529955	4764.437988
3452.167306	1.427498	0.529955	6043.475586
3452.168189	1.392956	0.529955	7273.456055
3452.169180	1.355383	0.529955	8616.640625
3452.170191	1.318535	0.529955	9949.679687
3452.171086	0.996086	0.529955	10841.176758
3452.171952	0.123296	0.529955	10947.951172
3452.173060	0.085811	0.529955	11043.029297
3452.173973	0.085924	0.529955	11121.477539
3452.174852	0.085979	0.529955	11197.052734
3452.175831	0.085961	0.529955	11281.208008
3452.176824	0.085913	0.529955	11366.519531
3452.177711	0.085840	0.529955	11442.659180
3452.178568	0.085906	0.529955	11516.280273
3452.179658	0.085942	0.529955	11609.957031
3452.180570	0.085825	0.529955	11688.229492
3453.189902	1.095183	0.540932	555.257874
3453.190806	1.520870	0.540932	1930.124756
3453.191730	1.506116	0.540932	3321.775879
3453.192608	1.468524	0.540932	4611.140137
3453.193610	1.428486	0.540932	6042.483398
3453.194547	1.391118	0.540932	7345.960937
3453.195416	1.357939	0.540932	8526.010742
3453.196461	1.320601	0.540932	9906.038086
3453.197347	1.046576	0.540932	10833.304687
3453.198275	0.127229	0.540932	10951.373047
3453.199135	0.085778	0.540932	11025.141602
3453.200104	0.085880	0.540932	11108.359375
3453.201023	0.085891	0.540932	11187.292969
3453.201913	0.085829	0.540932	11263.680664
3453.202885	0.085990	0.540932	11347.262695
3453.203817	0.085844	0.540932	11427.268555
3453.204741	0.085873	0.540932	11506.615234
3453.205605	0.085924	0.540932	11580.853516
3453.206636	0.085836	0.540932	11669.350586
3454.219039	1.110850	0.536054	567.644165
3454.220046	1.523697	0.536054	2102.007568
3454.220931	1.503014	0.536054	3432.174805
3454.221936	1.460922	0.536054	4900.400879
3454.222998	1.418430	0.536054	6406.773926
3454.223879	1.382666	0.536054	7624.902832
3454.224777	1.347777	0.536054	8835.207031
3454.225879	1.309299	0.536054	10278.054687
3454.226852	0.574102	0.536054	10836.655273
3454.227720	0.089106	0.536054	10914.000000
3454.228750	0.085876	0.536054	11002.453125
3454.229786	0.085851	0.536054	11091.394531
3454.230672	0.085865	0.536054	11167.471680
3454.231607	0.085909	0.536054	11247.796875
3454.232658	0.086008	0.536054	11338.191406
3454.233602	0.085833	0.536054	11419.217773
3454.234467	0.085873	0.536054	11493.498047
3454.235517	0.086063	0.536054	11583.864258
3454.236521	0.085957	0.536054	11670.165039
3455.248413	1.095641	0.532420	574.115845
3455.249480	1.523379	0.532420	2199.561035
3455.250389	1.499037	0.532420	3562.185547
3455.251256	1.460742	0.532420	4828.648926
3455.252368	1.417291	0.532420	6404.676758
3455.253341	1.379535	0.532420	7746.963867
3455.254207	1.346982	0.532420	8913.450195
3455.255274	1.308695	0.532420	10309.828125
3455.256316	0.467714	0.532420	10797.185547
3455.257213	0.086909	0.532420	10875.143555
3455.258146	0.085964	0.532420	10955.348633
3455.259204	0.085906	0.532420	11046.237305
3455.260137	0.085898	0.532420	11126.380859
3455.260999	0.085869	0.532420	11200.400391
3455.262053	0.085979	0.532420	11291.022461
3455.263075	0.085895	0.532420	11378.806641
3455.263957	0.085851	0.532420	11454.527344
3455.264940	0.085884	0.532420	11538.951172
3455.265989	0.085891	0.532420	11629.050781
3456.276222	1.094132	0.538584	536.124695
3456.277107	1.519918	0.538584	1881.252197
3456.278049	1.506581	0.538584	3300.451172
3456.279132	1.460940	0.538584	4882.649414
3456.280082	1.422341	0.538584	6233.873535
3456.280950	1.387665	0.538584	7438.366699
3456.282028	1.347711	0.538584	8891.199219
3456.283030	1.311394	0.538584	10205.215820
3456.283932	0.742159	0.538584	10874.643555
3456.284902	0.093746	0.538584	10965.577148
3456.285945	0.085818	0.538584	11055.084961
3456.286856	0.085862	0.538584	11133.304687
3456.287713	0.085854	0.538584	11206.881836
3456.288799	0.086052	0.538584	11300.334961
3456.289792	0.085858	0.538584	11385.591797
3456.290670	0.085873	0.538584	11460.988281
3456.291666	0.085869	0.538584	11546.513672
3456.292712	0.085931	0.538584	11636.397461
3456.293606	0.085752	0.538584	11713.059570
3457.307325	1.023750	0.526446	434.069977
3457.308201	1.513616	0.526446	1759.997314
3457.309306	1.503300	0.526446	3421.143311
3457.310215	1.464294	0.526446	4752.187012
3457.311098	1.428534	0.526446	6013.582520
3457.312108	1.388855	0.526446	7416.326172
3457.313077	1.351465	0.526446	8725.895508
3457.314010	1.318396	0.526446	9955.958984
3457.314876	0.959484	0.526446	10786.872070
3457.315990	0.097690	0.526446	10895.699219
3457.316895	0.085840	0.526446	10973.384766
3457.317757	0.085957	0.526446	11047.479492
3457.318826	0.085983	0.526446	11139.394531
3457.319808	0.085953	0.526446	11223.800781
3457.320677	0.085953	0.526446	11298.494141
3457.321532	0.085979	0.526446	11372.005859
3457.322639	0.085979	0.526446	11467.184570
3457.323536	0.085851	0.526446	11544.192383
3457.324396	0.085917	0.526446	11618.081055
3458.331834	1.028236	0.537512	435.972076
3458.332809	1.518234	0.537512	1916.249756
3458.333706	1.507299	0.537512	3268.296631
3458.334594	1.470000	0.537512	4573.656738
3458.335559	1.431010	0.537512	5954.581055
3458.336515	1.392576	0.537512	7285.883301
3458.337439	1.357778	0.537512	8540.470703
3458.338309	1.325632	0.537512	9693.770508
3458.339353	1.055559	0.537512	10795.774414
3458.340237	0.137197	0.537512	10917.056641
3458.341161	0.085800	0.537512	10996.334961
3458.342019	0.085862	0.537512	11070.004883
3458.342981	0.085851	0.537512	11152.593750
3458.343900	0.085785	0.537512	11231.429687
3458.344784	0.085818	0.537512	11307.292969
3458.345761	0.085869	0.537512	11391.187500
3458.346673	0.085803	0.537512	11469.440430
3458.347595	0.085836	0.537512	11548.581055
3458.348456	0.085862	0.537512	11622.507812
3459.364653	1.119851	0.520436	602.479919
3459.365718	1.523492	0.520436	2224.999268
3459.366633	1.498191	0.520436	3595.843750
3459.367504	1.459680	0.520436	4867.225098
3459.368613	1.416244	0.520436	6437.839844
3459.369591	1.378499	0.520436	7786.011719
3459.370457	1.345814	0.520436	8951.486328
3459.371508	1.307985	0.520436	10326.177734
3459.372566	0.432711	0.520436	10783.986328
3459.373449	0.086785	0.520436	10860.617187
3459.374364	0.085924	0.520436	10939.237305
3459.375433	0.085968	0.520436	11031.136719
3459.376387	0.085822	0.520436	11113.010742
3459.377249	0.085902	0.520436	11187.058594
3459.378294	0.085869	0.520436	11276.791992
3459.379318	0.085825	0.520436	11364.676758
3459.380202	0.085756	0.520436	11440.484375
3459.381173	0.085939	0.520436	11523.930664
3459.382221	0.085964	0.520436	11614.021484
3460.389340	1.071072	0.510405	487.337646
3460.390220	1.517270	0.510405	1822.535645
3460.391206	1.506508	0.510405	3307.952148
3460.392273	1.461962	0.510405	4867.865234
3460.393183	1.424341	0.510405	6164.015137
3460.394051	1.388665	0.510405	7369.375977
3460.395156	1.348586	0.510405	8859.564453
3460.396131	1.313049	0.510405	10139.787109
3460.397019	0.832189	0.510405	10878.770508
3460.398051	0.095808	0.510405	10977.644531
3460.399090	0.085840	0.510405	11066.832031
3460.399968	0.085851	0.510405	11142.208984
3460.400854	0.085917	0.510405	11218.331055
3460.401931	0.085931	0.510405	11310.878906
3460.402881	0.085833	0.510405	11392.419922
3460.403743	0.085873	0.510405	11466.442383
3460.404793	0.085939	0.510405	11556.677734
3460.405833	0.085858	0.510405	11645.970703
3460.406705	0.085833	0.510405	11720.816406
3461.421103	1.116529	0.510043	602.925903
3461.422171	1.523613	0.510043	2230.145020
3461.423086	1.498184	0.510043	3600.982910
3461.423952	1.459860	0.510043	4865.221191
3461.425060	1.416317	0.510043	6434.500488
3461.426051	1.378271	0.510043	7800.367676
3461.426925	1.345089	0.510043	8975.975586
3461.428001	1.306582	0.510043	10381.857422
3461.429039	0.401624	0.510043	10798.742187
3461.429933	0.086550	0.510043	10876.118164
3461.430865	0.085920	0.510043	10956.196289
3461.431928	0.085990	0.510043	11047.603516
3461.432862	0.085898	0.510043	11127.833008
3461.433727	0.085869	0.510043	11202.109375
3461.434782	0.085953	0.510043	11292.790039
3461.435786	0.085909	0.510043	11379.042969
3461.436666	0.085869	0.510043	11454.607422
3461.437626	0.086012	0.510043	11537.178711
3461.438675	0.085898	0.510043	11627.286133
3462.445096	1.124063	0.506397	580.016296
3462.446049	1.523188	0.506397	2031.614990
3462.446928	1.505142	0.506397	3354.634521
3462.447873	1.465411	0.506397	4739.448242
3462.448931	1.422451	0.506397	6244.401367
3462.449826	1.386786	0.506397	7485.574707
3462.450698	1.353666	0.506397	8665.971680
3462.451763	1.315510	0.506397	10066.990234
3462.452723	0.810113	0.506397	10844.699219
3462.453601	0.098042	0.506397	10930.780273
3462.454520	0.085814	0.506397	11009.643555
3462.455576	0.085920	0.506397	11100.375977
3462.456460	0.085818	0.506397	11176.239258
3462.457318	0.085891	0.506397	11249.933594
3462.458343	0.085950	0.506397	11338.032227
3462.459311	0.085840	0.506397	11421.125000
3462.460184	0.085931	0.506397	11496.143555
3462.461063	0.085942	0.506397	11571.686523
3462.462165	0.085898	0.506397	11666.346680
3463.477461	1.055845	0.497241	467.739197
3463.478330	1.515656	0.497241	1784.843750
3463.479337	1.506724	0.497241	3302.114502
3463.480262	1.467894	0.497241	4659.916992
3463.481127	1.431420	0.497241	5898.094727
3463.482157	1.391664	0.497241	7331.508301
3463.483042	1.357207	0.497241	8532.636719
3463.483958	1.324193	0.497241	9745.597656
3463.484840	1.160980	0.497241	10769.582031
3463.485816	0.142434	0.497241	10908.597656
3463.486734	0.085759	0.497241	10987.324219
3463.487617	0.085876	0.497241	11063.153320
3463.488616	0.085895	0.497241	11148.961914
3463.489537	0.085920	0.497241	11228.094727
3463.490468	0.085851	0.497241	11308.021484
3463.491336	0.085873	0.497241	11382.558594
3463.492380	0.085847	0.497241	11472.182617
3463.493257	0.085847	0.497241	11547.470703
3463.494123	0.085898	0.497241	11621.858398
3464.502737	1.056032	0.488028	464.653900
3464.503611	1.515795	0.488028	1789.458496
3464.504710	1.502270	0.488028	3440.453613
3464.505708	1.459951	0.488028	4897.484863
3464.506611	1.423502	0.488028	6182.907227
3464.507613	1.384153	0.488028	7569.828125
3464.508675	1.344946	0.488028	8998.161133
3464.509576	1.312255	0.488028	10180.502930
3464.510512	0.727046	0.488028	10861.017578
3464.511583	0.088411	0.488028	10955.705078
3464.512535	0.085847	0.488028	11037.431641
3464.513397	0.085844	0.488028	11111.428711
3464.514449	0.085968	0.488028	11201.867187
3464.515465	0.085840	0.488028	11289.080078
3464.516360	0.085873	0.488028	11365.936523
3464.517325	0.085913	0.488028	11448.842773
3464.518362	0.085862	0.488028	11537.881836
3464.519292	0.085814	0.488028	11617.689453
3464.520152	0.085814	0.488028	11691.489258
3465.534264	1.142333	0.495517	621.429016
3465.535306	1.523950	0.495517	2209.385254
3465.536203	1.499773	0.495517	3554.681641
3465.537149	1.459922	0.495517	4935.767578
3465.538204	1.416819	0.495517	6430.511719
3465.539142	1.380183	0.495517	7725.123535
3465.540011	1.347393	0.495517	8896.007812
3465.541073	1.309541	0.495517	10286.740234
3465.542094	0.509703	0.495517	10807.147461
3465.542974	0.087909	0.495517	10884.506836
3465.543961	0.085953	0.495517	10969.342773
3465.545010	0.085964	0.495517	11059.519531
3465.545915	0.085836	0.495517	11137.201172
3465.546772	0.085913	0.495517	11210.829102
3465.547840	0.085953	0.495517	11302.626953
3465.548846	0.085902	0.495517	11389.044922
3465.549720	0.085862	0.495517	11464.087891
3465.550697	0.085964	0.495517	11548.075195
3465.551742	0.085902	0.495517	11637.842773
3466.559175	1.040497	0.491537	450.535126
3466.560044	1.514385	0.491537	1766.535522
3466.561145	1.502772	0.491537	3421.087891
3466.562139	1.460859	0.491537	4873.182129
3466.563041	1.424561	0.491537	6158.135742
3466.564033	1.385405	0.491537	7532.458008
3466.565100	1.346085	0.491537	8968.730469
3466.565993	1.313152	0.491537	10141.375000
3466.566894	0.777144	0.491537	10841.581055
3466.567999	0.089052	0.491537	10939.983398
3466.568952	0.085803	0.491537	11021.753906
3466.569811	0.085898	0.491537	11095.541016
3466.570860	0.085928	0.491537	11185.679687
3466.571886	0.085825	0.491537	11273.736328
3466.572770	0.085898	0.491537	11349.670898
3466.573701	0.086012	0.491537	11429.748047
3466.574769	0.085972	0.491537	11521.565430
3466.575705	0.085968	0.491537	11602.031250
3466.576563	0.085876	0.491537	11675.712891
3467.589615	1.093477	0.497342	517.214417
3467.590505	1.518428	0.497342	1868.614990
3467.591507	1.505295	0.497342	3376.920898
3467.592422	1.465441	0.497342	4717.798828
3467.593354	1.428138	0.497342	6048.823730
3467.594218	1.392206	0.497342	7251.689453
3467.595272	1.353977	0.497342	8678.781250
3467.596155	1.321172	0.497342	9845.375977
3467.597036	1.106052	0.497342	10819.807617
3467.598036	0.143621	0.497342	10963.427734
3467.598976	0.085712	0.497342	11043.997070
3467.599854	0.085851	0.497342	11119.374023
3467.600811	0.085953	0.497342	11201.631836
3467.601834	0.085836	0.497342	11289.442383
3467.602717	0.085752	0.497342	11365.161133
3467.603592	0.085851	0.497342	11440.280273
3467.604567	0.085913	0.497342	11524.045898
3467.605543	0.085844	0.497342	11607.829102
3467.606431	0.085869	0.497342	11684.081055
3468.617026	1.110304	0.494772	621.770264
3468.618079	1.523540	0.494772	2226.057861
3468.618982	1.498440	0.494772	3579.148926
3468.619852	1.460226	0.494772	4849.545410
3468.620940	1.417189	0.494772	6391.446777
3468.621944	1.377627	0.494772	7774.584473
3468.622838	1.344697	0.494772	8976.744141
3468.623832	1.308948	0.494772	10277.837891
3468.624897	0.469340	0.494772	10777.684570
3468.625791	0.086979	0.494772	10855.443359
3468.626679	0.085968	0.494772	10931.783203
3468.627778	0.086019	0.494772	11026.318359
3468.628733	0.085858	0.494772	11108.312500
3468.629604	0.085906	0.494772	11183.136719
3468.630656	0.085924	0.494772	11273.529297
3468.631676	0.085931	0.494772	11361.179687
3468.632571	0.085924	0.494772	11438.082031
3468.633509	0.086060	0.494772	11518.805664
3468.634546	0.086023	0.494772	11608.011719
3469.646890	1.096571	0.490836	587.762085
3469.647932	1.523002	0.490836	2174.729980
3469.648845	1.499546	0.490836	3543.815430
3469.649710	1.461760	0.490836	4808.238281
3469.650768	1.419155	0.490836	6309.704590
3469.651786	1.379315	0.490836	7713.847656
3469.652688	1.345906	0.490836	8927.854492
3469.653672	1.310823	0.490836	10217.704102
3469.654730	0.532266	0.490836	10780.840820
3469.655634	0.087404	0.490836	10859.853516
3469.656495	0.085946	0.490836	10933.853516
3469.657606	0.085990	0.490836	11029.388672
3469.658574	0.085942	0.490836	11112.581055
3469.659440	0.085953	0.490836	11187.016602
3469.660512	0.086049	0.490836	11279.260742
3469.661543	0.085931	0.490836	11367.856445
3469.662438	0.085953	0.490836	11444.785156
3469.663366	0.085961	0.490836	11524.556641
3469.664417	0.086016	0.490836	11614.958984
3470.673432	1.091162	0.488411	565.221985
3470.674497	1.523324	0.488411	2187.562012
3470.675429	1.498539	0.488411	3584.200195
3470.676296	1.460570	0.488411	4850.514648
3470.677393	1.416910	0.488411	6404.865234
3470.678396	1.377601	0.488411	7786.599121
3470.679297	1.344584	0.488411	8998.069336
3470.680285	1.309054	0.488411	10291.414062
3470.681349	0.472401	0.488411	10794.048828
3470.682243	0.086942	0.488411	10871.775391
3470.683129	0.085968	0.488411	10947.943359
3470.684229	0.085986	0.488411	11042.528320
3470.685190	0.085840	0.488411	11125.020508
3470.686053	0.085983	0.488411	11199.223633
3470.687095	0.086049	0.488411	11288.886719
3470.688124	0.085887	0.488411	11377.264648
3470.689003	0.085884	0.488411	11452.756836
3470.689938	0.086034	0.488411	11533.198242
3470.691003	0.086016	0.488411	11624.804687
3471.704338	1.107264	0.495710	550.310425
3471.705259	1.521555	0.495710	1951.662720
3471.706141	1.507229	0.495710	3281.038818
3471.707119	1.466125	0.495710	4714.909668
3471.708140	1.424095	0.495710	6168.911133
3471.709038	1.388540	0.495710	7415.820312
3471.709905	1.355003	0.495710	8590.607422
3471.710992	1.316660	0.495710	10021.816406
3471.711930	0.876350	0.495710	10843.833008
3471.712808	0.103770	0.495710	10934.942383
3471.713804	0.085902	0.495710	11020.500977
3471.714797	0.085913	0.495710	11105.812500
3471.715677	0.085913	0.495710	11181.416016
3471.716533	0.085898	0.495710	11254.945312
3471.717602	0.085887	0.495710	11346.758789
3471.718530	0.085789	0.495710	11426.370117
3471.719398	0.085884	0.495710	11500.916992
3471.720347	0.085891	0.495710	11582.427734
3471.721383	0.085858	0.495710	11671.376953
3472.730635	1.104313	0.496516	548.843384
3472.731598	1.522493	0.496516	2015.003906
3472.732461	1.506002	0.496516	3314.683838
3472.733557	1.460233	0.496516	4915.099609
3472.734582	1.418804	0.496516	6369.373535
3472.735471	1.383494	0.496516	7599.299316
3472.736405	1.348729	0.496516	8859.012695
3472.737454	1.310735	0.496516	10233.973633
3472.738399	0.659897	0.496516	10857.577148
3472.739260	0.091362	0.496516	10936.240234
3472.740322	0.085939	0.496516	11027.506836
3472.741349	0.085913	0.496516	11115.739258
3472.742223	0.085851	0.496516	11190.772461
3472.743178	0.085968	0.496516	11272.872070
3472.744240	0.085953	0.496516	11364.154297
3472.745164	0.085822	0.496516	11443.453125
3472.746031	0.085920	0.496516	11517.946289
3472.747088	0.085920	0.496516	11608.763672
3472.748087	0.085906	0.496516	11694.583984
3473.761977	1.024757	0.492177	430.397949
3473.762871	1.513367	0.492177	1783.347778
3473.763965	1.502318	0.492177	3426.883789
3473.764913	1.462515	0.492177	4813.347656
3473.765785	1.426615	0.492177	6057.355957
3473.766810	1.386511	0.492177	7478.529785
3473.767846	1.347942	0.492177	8874.998047
3473.768743	1.315261	0.492177	10054.787109
3473.769697	0.812834	0.492177	10830.231445
3473.770754	0.091000	0.492177	10926.417969
3473.771686	0.085891	0.492177	11006.468750
3473.772551	0.085807	0.492177	11080.691406
3473.773625	0.085924	0.492177	11172.973633
3473.774634	0.085781	0.492177	11259.527344
3473.775525	0.085774	0.492177	11335.952148
3473.776510	0.085898	0.492177	11420.562500
3473.777552	0.085931	0.492177	11510.102539
3473.778457	0.085891	0.492177	11587.833984
3473.779312	0.085884	0.492177	11661.264648
3474.787105	1.117372	0.497841	574.329163
3474.788072	1.522731	0.497841	2046.809814
3474.788936	1.505244	0.497841	3347.340820
3474.789995	1.461130	0.497841	4894.677734
3474.791032	1.418763	0.497841	6365.935547
3474.791918	1.383622	0.497841	7591.824219
3474.792836	1.348572	0.497841	8829.813477
3474.793926	1.309915	0.497841	10257.620117
3474.794873	0.620544	0.497841	10845.275391
3474.795743	0.090018	0.497841	10923.591797
3474.796787	0.085909	0.497841	11013.281250
3474.797797	0.085822	0.497841	11099.960937
3474.798687	0.085814	0.497841	11176.335937
3474.799646	0.085887	0.497841	11258.702148
3474.800701	0.085840	0.497841	11349.263672
3474.801632	0.085814	0.497841	11429.156250
3474.802493	0.085869	0.497841	11503.089844
3474.803586	0.085931	0.497841	11597.012695
3474.804581	0.085858	0.497841	11682.441406
3475.817709	1.077568	0.499867	507.534668
3475.818601	1.518571	0.499867	1862.099609
3475.819462	1.509423	0.499867	3161.712402
3475.820517	1.465675	0.499867	4707.999512
3475.821456	1.427238	0.499867	6048.175781
3475.822338	1.392389	0.499867	7276.262695
3475.823304	1.356533	0.499867	8586.673828
3475.824331	1.318795	0.499867	9941.076172
3475.825228	1.002971	0.499867	10840.741211
3475.826092	0.124501	0.499867	10948.309570
3475.827162	0.085913	0.499867	11040.236328
3475.828107	0.085887	0.499867	11121.400391
3475.828984	0.085975	0.499867	11196.800781
3475.829924	0.085975	0.499867	11277.617187
3475.830958	0.085917	0.499867	11366.455078
3475.831847	0.085902	0.499867	11442.822266
3475.832705	0.085972	0.499867	11516.585937
3475.833755	0.086034	0.499867	11606.921875
3475.834700	0.085931	0.499867	11688.126953
3476.843546	1.109575	0.490002	561.445007
3476.844520	1.522903	0.490002	2044.752441
3476.845387	1.504904	0.490002	3349.503906
3476.846460	1.460035	0.490002	4916.122070
3476.847491	1.418459	0.490002	6378.553711
3476.848380	1.383131	0.490002	7608.157227
3476.849311	1.347718	0.490002	8862.882812
3476.850404	1.308948	0.490002	10293.562500
3476.851339	0.598429	0.490002	10853.093750
3476.852208	0.089586	0.490002	10930.944336
3476.853245	0.085953	0.490002	11020.078125
3476.854265	0.085818	0.490002	11107.612305
3476.855155	0.085778	0.490002	11183.954102
3476.856117	0.085891	0.490002	11266.581055
3476.857163	0.085851	0.490002	11356.380859
3476.858101	0.085891	0.490002	11436.946289
3476.858962	0.085898	0.490002	11510.905273
3476.860046	0.085950	0.490002	11604.075195
3476.861028	0.085840	0.490002	11688.370117
3477.874632	1.041255	0.491356	455.028381
3477.875495	1.514656	0.491356	1762.176270
3477.876571	1.503933	0.491356	3380.408203
3477.877578	1.461595	0.491356	4852.234863
3477.878474	1.424985	0.491356	6129.021484
3477.879477	1.386328	0.491356	7519.508789
3477.880525	1.346689	0.491356	8930.839844
3477.881436	1.313364	0.491356	10127.314453
3477.882305	0.820324	0.491356	10840.175781
3477.883401	0.091370	0.491356	10940.316406
3477.884365	0.085800	0.491356	11023.027344
3477.885241	0.085917	0.491356	11098.290039
3477.886255	0.085895	0.491356	11185.387695
3477.887318	0.085928	0.491356	11276.728516
3477.888190	0.085913	0.491356	11351.644531
3477.889075	0.085931	0.491356	11427.693359
3477.890166	0.085972	0.491356	11521.488281
3477.891126	0.085924	0.491356	11603.975586
3477.891995	0.085840	0.491356	11678.570312
3478.901205	1.055321	0.480040	469.617889
3478.902071	1.515458	0.480040	1782.004272
3478.903145	1.503516	0.480040	3396.780029
3478.904162	1.460691	0.480040	4882.302734
3478.905047	1.424513	0.480040	6142.996582
3478.906021	1.385973	0.480040	7492.934082
3478.907088	1.346686	0.480040	8929.847656
3478.907986	1.313361	0.480040	10109.245117
3478.908863	0.820800	0.480040	10829.085937
3478.909950	0.090787	0.480040	10927.771484
3478.910913	0.085844	0.480040	11010.438477
3478.911795	0.085865	0.480040	11086.171875
3478.912802	0.086023	0.480040	11172.796875
3478.913860	0.086005	0.480040	11263.790039
3478.914754	0.085891	0.480040	11340.577148
3478.915630	0.085994	0.480040	11415.907227
3478.916731	0.085909	0.480040	11510.493164
3478.917684	0.085917	0.480040	11592.372070
3478.918550	0.085840	0.480040	11666.708984
3479.930846	1.056841	0.476600	476.635254
3479.931709	1.516209	0.476600	1785.123169
3479.932719	1.505526	0.476600	3305.704590
3479.933790	1.461529	0.476600	4871.002930
3479.934677	1.424557	0.476600	6134.584961
3479.935584	1.387910	0.476600	7393.419434
3479.936684	1.347283	0.476600	8875.430664
3479.937634	1.313104	0.476600	10122.879883
3479.938511	0.844655	0.476600	10863.641602
3479.939544	0.093109	0.476600	10959.823242
3479.940561	0.085858	0.476600	11047.140625
3479.941454	0.085858	0.476600	11123.811523
3479.942385	0.085891	0.476600	11203.776367
3479.943438	0.085880	0.476600	11294.208008
3479.944388	0.085825	0.476600	11375.742187
3479.945248	0.085917	0.476600	11449.630859
3479.946309	0.085891	0.476600	11540.761719
3479.947313	0.085880	0.476600	11626.985352
3479.948195	0.085876	0.476600	11702.728516
3480.957384	1.047762	0.487996	456.824402
3480.958267	1.516230	0.487996	1795.656006
3480.959130	1.509748	0.487996	3098.568848
3480.960243	1.465671	0.487996	4729.861328
3480.961153	1.427615	0.487996	6028.990723
3480.962041	1.392814	0.487996	7265.809570
3480.963047	1.355149	0.487996	8629.089844
3480.964029	1.318674	0.487996	9924.028320
3480.964963	0.978669	0.487996	10838.105469
3480.965824	0.120011	0.487996	10941.434570
3480.966914	0.085865	0.487996	11035.028320
3480.967803	0.085829	0.487996	11111.330078
3480.968667	0.085854	0.487996	11185.508789
3480.969670	0.085950	0.487996	11271.716797
3480.970663	0.085836	0.487996	11356.952148
3480.971538	0.085942	0.487996	11432.151367
3480.972397	0.085939	0.487996	11505.972656
3480.973473	0.085873	0.487996	11598.372070
3480.974393	0.085844	0.487996	11677.347656
3481.986336	1.118046	0.470763	574.675415
3481.987293	1.523104	0.470763	2032.286255
3481.988182	1.504442	0.470763	3369.735352
3481.989198	1.461683	0.470763	4854.805664
3481.990250	1.419247	0.470763	6347.853516
3481.991140	1.383878	0.470763	7579.504883
3481.992038	1.349026	0.470763	8790.929687
3481.993144	1.310211	0.470763	10240.023437
3481.994108	0.625865	0.470763	10843.357422
3481.994974	0.090187	0.470763	10921.458984
3481.996015	0.085891	0.470763	11010.872070
3481.997032	0.085876	0.470763	11098.208008
3481.997926	0.085851	0.470763	11174.958984
3481.998871	0.085891	0.470763	11256.125977
3481.999909	0.085917	0.470763	11345.307617
3482.000840	0.085833	0.470763	11425.217773
3482.001702	0.085869	0.470763	11499.237305
3482.002746	0.085961	0.470763	11588.980469
3482.003751	0.085876	0.470763	11675.286133
3483.015096	1.038852	0.471476	436.318024
3483.016186	1.521357	0.471476	2094.597656
3483.017176	1.498429	0.471476	3578.042480
3483.018078	1.460673	0.471476	4895.569336
3483.019084	1.420005	0.471476	6324.094238
3483.020144	1.378638	0.471476	7785.450195
3483.021038	1.344877	0.471476	8987.769531
3483.021934	1.311599	0.471476	10162.962891
3483.023032	0.554279	0.471476	10771.560547
3483.023988	0.087125	0.471476	10854.852539
3483.024853	0.085873	0.471476	10929.132812
3483.025905	0.085986	0.471476	11019.590820
3483.026927	0.085902	0.471476	11107.382812
3483.027819	0.085844	0.471476	11183.955078
3483.028773	0.085961	0.471476	11265.961914
3483.029834	0.085858	0.471476	11357.057617
3483.030771	0.085796	0.471476	11437.448242
3483.031634	0.085884	0.471476	11511.566406
3483.032688	0.086001	0.471476	11602.211914
3484.041655	1.037509	0.475423	436.791138
3484.042766	1.521819	0.475423	2127.531738
3484.043744	1.498154	0.475423	3592.726562
3484.044630	1.461010	0.475423	4887.181152
3484.045637	1.420404	0.475423	6317.528320
3484.046695	1.379557	0.475423	7777.099609
3484.047597	1.345052	0.475423	8990.336914
3484.048479	1.311962	0.475423	10147.487305
3484.049582	0.564551	0.475423	10770.186523
3484.050526	0.087462	0.475423	10852.750977
3484.051385	0.085924	0.475423	10926.559570
3484.052421	0.086008	0.475423	11015.664062
3484.053443	0.085895	0.475423	11103.448242
3484.054328	0.085847	0.475423	11179.422852
3484.055262	0.085939	0.475423	11259.689453
3484.056321	0.085957	0.475423	11350.717773
3484.057254	0.085928	0.475423	11430.888672
3484.058112	0.085913	0.475423	11504.602539
3484.059139	0.085994	0.475423	11592.917969
3485.074616	1.023369	0.459975	429.815063
3485.075544	1.513594	0.459975	1834.430054
3485.076624	1.502380	0.459975	3457.000977
3485.077534	1.463485	0.459975	4788.772461
3485.078402	1.427575	0.459975	6027.907227
3485.079452	1.386325	0.459975	7483.547852
3485.080426	1.350011	0.459975	8798.458984
3485.081309	1.317960	0.459975	9962.217773
3485.082236	0.899722	0.459975	10796.259766
3485.083311	0.095446	0.459975	10898.863281
3485.084194	0.085811	0.459975	10974.633789
3485.085055	0.085880	0.459975	11048.576172
3485.086094	0.085990	0.459975	11137.919922
3485.087053	0.085895	0.459975	11220.292969
3485.087918	0.085887	0.459975	11294.585937
3485.088783	0.085946	0.459975	11368.929687
3485.089898	0.085928	0.459975	11464.739258
3485.090794	0.085825	0.459975	11541.638672
3485.091661	0.085869	0.459975	11616.086914
3486.096393	1.091283	0.493922	545.641479
3486.097288	1.520361	0.493922	1906.364868
3486.098151	1.506654	0.493922	3206.607422
3486.099269	1.461577	0.493922	4840.650391
3486.100249	1.422144	0.493922	6234.351074
3486.101122	1.387372	0.493922	7445.526367
3486.102187	1.347605	0.493922	8880.725586
3486.103220	1.310394	0.493922	10234.363281
3486.104126	0.696991	0.493922	10865.836914
3486.105057	0.092637	0.493922	10952.082031
3486.106117	0.085979	0.493922	11043.219727
3486.107047	0.085854	0.493922	11123.064453
3486.107907	0.085876	0.493922	11196.917969
3486.108950	0.085983	0.493922	11286.597656
3486.109975	0.085902	0.493922	11374.647461
3486.110861	0.085836	0.493922	11450.698242
3486.111826	0.085961	0.493922	11533.650391
3486.112892	0.085931	0.493922	11625.252930
3486.113816	0.085931	0.493922	11704.653320
3487.132694	1.109685	0.476556	561.500671
3487.133635	1.521995	0.476556	1993.697510
3487.134497	1.505922	0.476556	3291.801758
3487.135536	1.462211	0.476556	4811.038574
3487.136566	1.420316	0.476556	6273.963867
3487.137462	1.385380	0.476556	7515.263672
3487.138438	1.349315	0.476556	8832.195312
3487.139495	1.310804	0.476556	10217.715820
3487.140418	0.692109	0.476556	10856.533203
3487.141288	0.092095	0.476556	10936.655273
3487.142364	0.085939	0.476556	11029.125000
3487.143354	0.085836	0.476556	11114.102539
3487.144246	0.085891	0.476556	11190.717773
3487.145223	0.085997	0.476556	11274.737305
3487.146274	0.085935	0.476556	11365.054687
3487.147179	0.085876	0.476556	11442.772461
3487.148038	0.085906	0.476556	11516.565430
3487.149142	0.086023	0.476556	11611.535156
3487.150110	0.085818	0.476556	11694.606445
3488.152864	1.117130	0.492689	579.790466
3488.153760	1.521222	0.492689	1942.805420
3488.154626	1.505599	0.492689	3246.654541
3488.155731	1.461090	0.492689	4861.159180
3488.156704	1.421733	0.492689	6244.505859
3488.157567	1.387515	0.492689	7441.930664
3488.158662	1.346642	0.492689	8916.503906
3488.159706	1.308999	0.492689	10283.098633
3488.160596	0.666357	0.492689	10876.157227
3488.161535	0.091772	0.492689	10962.332031
3488.162589	0.085968	0.492689	11052.942383
3488.163523	0.085946	0.492689	11133.215820
3488.164384	0.085891	0.492689	11207.167969
3488.165442	0.086030	0.492689	11298.188477
3488.166465	0.085939	0.492689	11386.103516
3488.167337	0.085909	0.492689	11461.016602
3488.168292	0.086001	0.492689	11543.147461
3488.169342	0.085979	0.492689	11633.425781
3488.170275	0.085935	0.492689	11713.603516
3489.191357	1.027683	0.473035	435.737640
3489.192388	1.519179	0.473035	2002.010742
3489.193347	1.502823	0.473035	3443.218506
3489.194220	1.465345	0.473035	4722.464844
3489.195118	1.427380	0.473035	6004.252441
3489.196214	1.385713	0.473035	7522.993652
3489.197111	1.351696	0.473035	8735.464844
3489.197984	1.319905	0.473035	9887.742187
3489.199010	0.877595	0.473035	10788.155273
3489.199971	0.097141	0.473035	10881.507812
3489.200851	0.085869	0.473035	10957.072266
3489.201741	0.086012	0.473035	11033.623047
3489.202841	0.085950	0.473035	11128.167969
3489.203730	0.085942	0.473035	11204.570312
3489.204590	0.085935	0.473035	11278.474609
3489.205636	0.085986	0.473035	11368.416016
3489.206601	0.085895	0.473035	11451.304687
3489.207457	0.085898	0.473035	11524.833984
3489.208546	0.086049	0.473035	11618.541016
3490.208194	1.033678	0.490872	443.447845
3490.209221	1.517743	0.490872	2002.169800
3490.210142	1.503589	0.490872	3386.975098
3490.211076	1.464811	0.490872	4755.108398
3490.211940	1.428021	0.490872	5988.918945
3490.212987	1.388027	0.490872	7442.183594
3490.213863	1.354380	0.490872	8628.620117
3490.214748	1.322366	0.490872	9798.914062
3490.215725	1.001144	0.490872	10777.031250
3490.216662	0.117407	0.490872	10887.041992
3490.217581	0.085833	0.490872	10965.921875
3490.218461	0.085887	0.490872	11041.502930
3490.219499	0.085884	0.490872	11130.650391
3490.220394	0.085825	0.490872	11207.463867
3490.221270	0.085917	0.490872	11282.726562
3490.222201	0.085928	0.490872	11362.725586
3490.223198	0.085818	0.490872	11448.286133
3490.224116	0.085876	0.490872	11527.121094
3490.224974	0.085950	0.490872	11600.866211
3491.248652	1.103060	0.465530	549.323975
3491.249648	1.523254	0.465530	2066.485352
3491.250546	1.503051	0.465530	3416.224609
3491.251554	1.460783	0.465530	4888.693359
3491.252615	1.418090	0.465530	6393.286133
3491.253515	1.382230	0.465530	7637.293457
3491.254398	1.348217	0.465530	8827.768555
3491.255488	1.309559	0.465530	10255.188477
3491.256457	0.608855	0.465530	10845.168945
3491.257329	0.089546	0.465530	10923.252930
3491.258381	0.085986	0.465530	11013.710937
3491.259407	0.085964	0.465530	11101.910156
3491.260300	0.085928	0.465530	11178.643555
3491.261240	0.086085	0.465530	11259.563477
3491.262288	0.086060	0.465530	11349.753906
3491.263225	0.085935	0.465530	11430.275391
3491.264084	0.086012	0.465530	11504.160156
3491.265134	0.086104	0.465530	11594.568359
3491.266167	0.085994	0.465530	11683.399414
3492.265490	1.108634	0.473297	560.968811
3492.266420	1.521676	0.473297	1976.127441
3492.267296	1.505889	0.473297	3295.285889
3492.268342	1.462057	0.473297	4824.597656
3492.269369	1.420261	0.473297	6283.206055
3492.270270	1.385006	0.473297	7531.096680
3492.271231	1.349238	0.473297	8827.714844
3492.272293	1.310555	0.473297	10219.524414
3492.273231	0.675095	0.473297	10852.763672
3492.274099	0.091677	0.473297	10932.339844
3492.275181	0.086078	0.473297	11025.476562
3492.276166	0.085884	0.473297	11110.072266
3492.277064	0.085917	0.473297	11187.225586
3492.278049	0.086016	0.473297	11271.951172
3492.279093	0.086023	0.473297	11361.758789
3492.279999	0.085913	0.473297	11439.595703
3492.280859	0.086056	0.473297	11513.603516
3492.281945	0.086008	0.473297	11607.008789
3492.282934	0.085917	0.473297	11691.980469
3493.304646	1.143307	0.448498	643.681824
3493.305701	1.523661	0.448498	2251.144043
3493.306605	1.497894	0.448498	3605.240479
3493.307469	1.459548	0.448498	4866.290039
3493.308567	1.417006	0.448498	6422.162109
3493.309546	1.379154	0.448498	7772.354004
3493.310412	1.346309	0.448498	8938.256836
3493.311477	1.308336	0.448498	10331.634766
3493.312520	0.465447	0.448498	10817.095703
3493.313397	0.087059	0.448498	10893.446289
3493.314322	0.085913	0.448498	10972.916016
3493.315391	0.086049	0.448498	11064.902344
3493.316328	0.085917	0.448498	11145.406250
3493.317196	0.085924	0.448498	11219.988281
3493.318226	0.086012	0.448498	11308.581055
3493.319268	0.085917	0.448498	11398.106445
3493.320158	0.085920	0.448498	11474.575195
3493.321109	0.085964	0.448498	11556.327148
3493.322160	0.085942	0.448498	11646.652344
3494.320568	1.034180	0.474827	436.423828
3494.321659	1.521149	0.474827	2095.997070
3494.322658	1.497920	0.474827	3592.418945
3494.323561	1.459882	0.474827	4910.692383
3494.324561	1.419672	0.474827	6330.364258
3494.325611	1.378905	0.474827	7778.214844
3494.326517	1.344540	0.474827	8996.368164
3494.327385	1.311705	0.474827	10134.928711
3494.328499	0.559882	0.474827	10758.636719
3494.329465	0.087103	0.474827	10842.778320
3494.330327	0.085822	0.474827	10916.756836
3494.331370	0.085931	0.474827	11006.382812
3494.332399	0.085847	0.474827	11094.719727
3494.333277	0.085789	0.474827	11170.041992
3494.334188	0.085862	0.474827	11248.261719
3494.335248	0.085950	0.474827	11339.368164
3494.336198	0.085822	0.474827	11420.898437
3494.337054	0.085851	0.474827	11494.386719
3494.338075	0.085920	0.474827	11582.111328
