time (s)	coil I (A)	last det (V)	int current (uC)
11340.662238	1.068754	0.120010	461.701569
11340.663263	1.525239	0.120010	2025.071899
11340.664313	1.506445	0.120010	3606.839355
11340.665204	1.466752	0.120010	4913.714844
11340.666093	1.428831	0.120010	6183.945312
11340.667185	1.386207	0.120010	7697.683594
11340.668139	1.349594	0.120010	8985.195312
11340.669007	1.317466	0.120010	10128.755859
11340.670056	0.682654	0.120010	10844.859375
11340.671085	0.086913	0.120010	10934.292969
11340.671972	0.084609	0.120010	11009.341797
11340.672904	0.084752	0.120010	11088.331055
11340.673988	0.084807	0.120010	11180.261719
11340.674905	0.084727	0.120010	11257.956055
11340.675771	0.084705	0.120010	11331.310547
11340.676812	0.084803	0.120010	11419.590820
11340.677828	0.084745	0.120010	11505.691406
11340.678721	0.084734	0.120010	11581.358398
11340.679679	0.084833	0.120010	11662.627930
11341.558213	1.039874	0.172571	449.225647
11341.559084	1.522042	0.172571	1774.924316
11341.560135	1.512356	0.172571	3364.410400
11341.561140	1.468905	0.172571	4840.660156
11341.562035	1.431592	0.172571	6121.935059
11341.563021	1.392184	0.172571	7494.628418
11341.564080	1.351644	0.172571	8926.019531
11341.564989	1.317594	0.172571	10123.712891
11341.565862	0.860804	0.172571	10875.195312
11341.566951	0.092003	0.172571	10975.386719
11341.567942	0.084609	0.172571	11059.234375
11341.568816	0.084657	0.172571	11133.224609
11341.569822	0.084767	0.172571	11218.500000
11341.570866	0.084789	0.172571	11307.019531
11341.571734	0.084694	0.172571	11380.533203
11341.572607	0.084756	0.172571	11454.525391
11341.573706	0.084844	0.172571	11547.768555
11341.574675	0.084705	0.172571	11629.847656
11341.575543	0.084646	0.172571	11703.320312
11342.691774	1.032447	0.124936	439.822632
11342.692717	1.521215	0.124936	1874.328003
11342.693766	1.510221	0.124936	3458.549805
11342.694718	1.468733	0.124936	4856.783691
11342.695586	1.431874	0.124936	6099.650391
11342.696648	1.389679	0.124936	7575.489258
11342.697653	1.351091	0.124936	8933.335937
11342.698540	1.318502	0.124936	10102.847656
11342.699523	0.777971	0.124936	10867.593750
11342.700571	0.089802	0.124936	10961.706055
11342.701481	0.084756	0.124936	11038.833984
11342.702338	0.084712	0.124936	11111.431641
11342.703405	0.084825	0.124936	11201.940430
11342.704404	0.084818	0.124936	11286.673828
11342.705272	0.084661	0.124936	11360.159180
11342.706241	0.084771	0.124936	11442.301758
11342.707298	0.084719	0.124936	11531.849609
11342.708207	0.084679	0.124936	11608.823242
11342.709068	0.084749	0.124936	11681.791992
11343.592935	1.058628	0.173341	494.379272
11343.594015	1.530256	0.173341	2147.056152
11343.594917	1.508723	0.173341	3507.924316
11343.595788	1.470593	0.173341	4788.811035
11343.596820	1.427567	0.173341	6262.060547
11343.597800	1.388254	0.173341	7622.549805
11343.598679	1.354534	0.173341	8813.184570
11343.599566	1.320571	0.173341	9984.531250
11343.600679	0.748264	0.173341	10817.349609
11343.601568	0.092285	0.173341	10899.390625
11343.602429	0.084510	0.173341	10972.154297
11343.603509	0.084778	0.173341	11063.714844
11343.604482	0.084657	0.173341	11146.085937
11343.605355	0.084683	0.173341	11220.013672
11343.606235	0.084701	0.173341	11294.550781
11343.607342	0.084708	0.173341	11388.323242
11343.608221	0.084664	0.173341	11462.743164
11343.609080	0.084756	0.173341	11535.548828
11343.610118	0.084840	0.173341	11623.613281
11344.725445	1.040497	0.125593	450.535126
11344.726310	1.521438	0.125593	1766.578979
11344.727369	1.512730	0.125593	3368.559570
11344.728270	1.473373	0.125593	4696.068359
11344.729151	1.436430	0.125593	5961.562500
11344.730111	1.398311	0.125593	7303.940430
11344.731085	1.359855	0.125593	8628.439453
11344.732011	1.325771	0.125593	9856.103516
11344.732881	1.132518	0.125593	10841.394531
11344.733921	0.130913	0.125593	10977.543945
11344.734802	0.084551	0.125593	11052.033203
11344.735673	0.084716	0.125593	11125.820312
11344.736553	0.084745	0.125593	11200.395508
11344.737589	0.084620	0.125593	11288.062500
11344.738486	0.084650	0.125593	11363.993164
11344.739362	0.084675	0.125593	11438.168945
11344.740345	0.084796	0.125593	11521.523437
11344.741267	0.084701	0.125593	11599.618164
11344.742187	0.084672	0.125593	11677.515625
11345.619533	1.163529	0.183722	650.412720
11345.620576	1.531289	0.183722	2247.547363
11345.621463	1.507137	0.183722	3584.378418
11345.622400	1.465748	0.183722	4957.784668
11345.623486	1.421488	0.183722	6501.520508
11345.624412	1.383838	0.183722	7782.954590
11345.625283	1.350278	0.183722	8959.046875
11345.626321	1.312463	0.183722	10321.383789
11345.627346	0.511117	0.183722	10845.278320
11345.628227	0.086711	0.183722	10921.670898
11345.629188	0.084789	0.183722	11003.153320
11345.630231	0.084774	0.183722	11091.573242
11345.631158	0.084745	0.183722	11170.131836
11345.632021	0.084774	0.183722	11243.291992
11345.633097	0.084877	0.183722	11334.619141
11345.634100	0.084752	0.183722	11419.625977
11345.634985	0.084836	0.183722	11494.706055
11345.635946	0.084840	0.183722	11576.237305
11345.636983	0.084741	0.183722	11664.114258
11346.763299	1.087419	0.122644	570.895203
11346.764256	1.529780	0.122644	2034.895020
11346.765184	1.510957	0.122644	3437.062988
11346.766049	1.472487	0.122644	4710.763672
11346.767063	1.430501	0.122644	6161.291016
11346.767967	1.393524	0.122644	7421.037109
11346.768848	1.359723	0.122644	8618.953125
11346.769786	1.324977	0.122644	9861.781250
11346.770783	0.989015	0.122644	10847.829102
11346.771687	0.112881	0.122644	10949.873047
11346.772574	0.084650	0.122644	11024.957031
11346.773579	0.084847	0.122644	11110.228516
11346.774484	0.084708	0.122644	11186.889648
11346.775397	0.084628	0.122644	11264.154297
11346.776258	0.084796	0.122644	11337.164062
11346.777288	0.084719	0.122644	11424.424805
11346.778160	0.084683	0.122644	11498.267578
11346.779031	0.084694	0.122644	11572.036133
11346.779994	0.084774	0.122644	11653.673828
11347.643886	1.086281	0.198864	509.465607
11347.644762	1.525166	0.198864	1845.510986
11347.645745	1.513411	0.198864	3333.193604
11347.646810	1.467744	0.198864	4896.340820
11347.647721	1.429296	0.198864	6198.429199
11347.648592	1.392605	0.198864	7411.388184
11347.649695	1.351692	0.198864	8902.304687
11347.650665	1.315770	0.198864	10178.601562
11347.651558	0.821027	0.198864	10911.778320
11347.652553	0.094893	0.198864	11006.196289
11347.653610	0.084712	0.198864	11095.736328
11347.654496	0.084631	0.198864	11170.719727
11347.655378	0.084774	0.198864	11245.490234
11347.656468	0.084825	0.198864	11337.950195
11347.657426	0.084675	0.198864	11419.069336
11347.658292	0.084719	0.198864	11492.436523
11347.659330	0.084836	0.198864	11580.497070
11347.660353	0.084741	0.198864	11667.187500
11347.661232	0.084679	0.198864	11741.620117
11348.802027	1.054607	0.121931	497.774506
11348.803086	1.529462	0.121931	2117.474365
11348.804030	1.507961	0.121931	3540.989746
11348.804896	1.469854	0.121931	4813.882812
11348.805953	1.426095	0.121931	6321.265137
11348.806989	1.384775	0.121931	7755.892578
11348.807872	1.350575	0.121931	8948.450195
11348.808833	1.315767	0.121931	10212.902344
11348.809899	0.590361	0.121931	10842.227539
11348.810807	0.086803	0.121931	10921.044922
11348.811670	0.084635	0.121931	10994.084961
11348.812714	0.084836	0.121931	11082.654297
11348.813733	0.084631	0.121931	11168.893555
11348.814617	0.084690	0.121931	11243.759766
11348.815586	0.084778	0.121931	11325.909180
11348.816647	0.084679	0.121931	11415.753906
11348.817565	0.084730	0.121931	11493.536133
11348.818426	0.084701	0.121931	11566.463867
11348.819524	0.084877	0.121931	11659.658203
11349.671357	1.027643	0.200459	432.637634
11349.672366	1.524792	0.200459	1971.153320
11349.673449	1.506995	0.200459	3603.228516
11349.674328	1.467510	0.200459	4893.169922
11349.675236	1.428717	0.200459	6190.444824
11349.676316	1.386002	0.200459	7687.327148
11349.677268	1.350000	0.200459	8972.527344
11349.678137	1.317675	0.200459	10117.586914
11349.679162	0.706915	0.200459	10842.174805
11349.680198	0.087290	0.200459	10932.607422
11349.681089	0.084664	0.200459	11008.042969
11349.682037	0.084741	0.200459	11088.377930
11349.683104	0.084818	0.200459	11178.878906
11349.684037	0.084767	0.200459	11257.966797
11349.684898	0.084705	0.200459	11330.897461
11349.685952	0.084840	0.200459	11420.319336
11349.686943	0.084712	0.200459	11504.268555
11349.687834	0.084576	0.200459	11579.625977
11349.688798	0.084752	0.200459	11661.327148
11350.838837	1.140110	0.123220	624.780212
11350.839894	1.531066	0.123220	2243.116699
11350.840799	1.506207	0.123220	3606.234375
11350.841671	1.466342	0.123220	4884.884277
11350.842784	1.422081	0.123220	6467.660645
11350.843760	1.383234	0.123220	7817.696777
11350.844631	1.349718	0.123220	8993.300781
11350.845658	1.312017	0.123220	10340.742187
11350.846710	0.478484	0.123220	10844.107422
11350.847590	0.086093	0.123220	10919.869141
11350.848513	0.084668	0.123220	10998.017578
11350.849571	0.084752	0.123220	11087.685547
11350.850500	0.084716	0.123220	11166.386719
11350.851360	0.084679	0.123220	11239.210937
11350.852426	0.084723	0.123220	11329.525391
11350.853440	0.084738	0.123220	11415.449219
11350.854313	0.084741	0.123220	11489.428711
11350.855248	0.084756	0.123220	11568.675781
11350.856299	0.084818	0.123220	11657.819336
11351.696857	1.062975	0.208733	479.401642
11351.697730	1.523635	0.208733	1809.535156
11351.698707	1.514410	0.208733	3289.114258
11351.699773	1.469051	0.208733	4855.123047
11351.700676	1.430687	0.208733	6147.033691
11351.701545	1.394227	0.208733	7358.617187
11351.702639	1.353322	0.208733	8839.151367
11351.703619	1.317469	0.208733	10130.271484
11351.704493	0.895159	0.208733	10912.640625
11351.705553	0.093325	0.208733	11011.565430
11351.706590	0.084686	0.208733	11099.384766
11351.707476	0.084749	0.208733	11174.471680
11351.708380	0.084727	0.208733	11251.064453
11351.709465	0.084778	0.208733	11343.048828
11351.710410	0.084613	0.208733	11423.007812
11351.711273	0.084833	0.208733	11496.218750
11351.712310	0.084800	0.208733	11584.156250
11351.713323	0.084741	0.208733	11669.999023
11351.714203	0.084778	0.208733	11744.603516
11352.878633	1.127454	0.116090	606.570007
11352.879698	1.530956	0.116090	2237.037842
11352.880605	1.506196	0.116090	3603.157715
11352.881470	1.466422	0.116090	4871.612793
11352.882589	1.422056	0.116090	6462.893066
11352.883562	1.383314	0.116090	7808.857910
11352.884431	1.349820	0.116090	8981.851562
11352.885466	1.311713	0.116090	10339.474609
11352.886506	0.483263	0.116090	10842.068359
11352.887402	0.085906	0.116090	10919.040039
11352.888332	0.084803	0.116090	10997.907227
11352.889379	0.084884	0.116090	11086.781250
11352.890321	0.084727	0.116090	11166.593750
11352.891183	0.084727	0.116090	11239.627930
11352.892224	0.084771	0.116090	11327.874023
11352.893246	0.084602	0.116090	11414.336914
11352.894127	0.084701	0.116090	11488.958008
11352.895096	0.084785	0.116090	11571.115234
11352.896131	0.084745	0.116090	11658.826172
11353.724344	1.024416	0.221958	431.279327
11353.725372	1.525924	0.221958	1999.929199
11353.726417	1.507588	0.221958	3575.358398
11353.727299	1.468550	0.221958	4870.619141
11353.728227	1.429387	0.221958	6197.090332
11353.729289	1.386713	0.221958	7669.779297
11353.730238	1.350604	0.221958	8951.502930
11353.731110	1.318085	0.221958	10100.873047
11353.732148	0.710684	0.221958	10838.562500
11353.733167	0.087667	0.221958	10927.895508
11353.734058	0.084591	0.221958	11003.266602
11353.735012	0.084833	0.221958	11084.197266
11353.736063	0.084771	0.221958	11173.291016
11353.736990	0.084661	0.221958	11251.771484
11353.737853	0.084734	0.221958	11324.896484
11353.738915	0.084818	0.221958	11414.973633
11353.739910	0.084675	0.221958	11499.225586
11353.740802	0.084690	0.221958	11574.768555
11353.741762	0.084708	0.221958	11656.088867
11354.913225	1.053322	0.114640	458.194885
11354.914102	1.523060	0.114640	1793.918701
11354.915095	1.514528	0.114640	3297.844727
11354.916159	1.469033	0.114640	4860.895996
11354.917065	1.430735	0.114640	6157.141602
11354.917944	1.393594	0.114640	7382.110352
11354.919048	1.352780	0.114640	8875.579102
11354.920016	1.317264	0.114640	10150.691406
11354.920892	0.874548	0.114640	10916.795898
11354.921918	0.094746	0.114640	11014.005859
11354.922950	0.084485	0.114640	11101.194336
11354.923840	0.084631	0.114640	11176.516602
11354.924761	0.084756	0.114640	11254.577148
11354.925812	0.084785	0.114640	11343.686523
11354.926750	0.084679	0.114640	11423.115234
11354.927614	0.084683	0.114640	11496.281250
11354.928635	0.084811	0.114640	11582.873047
11354.929656	0.084631	0.114640	11669.281250
11354.930538	0.084624	0.114640	11743.919922
11355.755083	1.157369	0.221483	658.543152
11355.756137	1.530908	0.221483	2272.120361
11355.757026	1.506002	0.221483	3610.956299
11355.757916	1.465836	0.221483	4915.550781
11355.759013	1.421561	0.221483	6475.003418
11355.759973	1.383351	0.221483	7803.020508
11355.760835	1.350183	0.221483	8966.877930
11355.761884	1.312163	0.221483	10343.336914
11355.762922	0.501229	0.221483	10863.613281
11355.763794	0.086301	0.221483	10938.868164
11355.764726	0.084650	0.221483	11017.761719
11355.765792	0.084730	0.221483	11108.083984
11355.766727	0.084664	0.221483	11187.245117
11355.767592	0.084723	0.221483	11260.530273
11355.768629	0.084803	0.221483	11348.471680
11355.769648	0.084730	0.221483	11434.811523
11355.770535	0.084664	0.221483	11509.909180
11355.771484	0.084690	0.221483	11590.280273
11355.772542	0.084811	0.221483	11680.009766
11356.946894	1.040200	0.113750	455.607697
11356.947759	1.522222	0.113750	1772.329468
11356.948778	1.513663	0.113750	3314.752441
11356.949753	1.471498	0.113750	4749.462891
11356.950638	1.434335	0.113750	6018.849121
11356.951500	1.397853	0.113750	7223.798340
11356.952611	1.357167	0.113750	8731.610352
11356.953518	1.322725	0.113750	9931.321289
11356.954405	1.051542	0.113750	10864.039062
11356.955393	0.125057	0.113750	10987.595703
11356.956382	0.084609	0.113750	11071.274414
11356.957272	0.084679	0.113750	11146.638672
11356.958127	0.084785	0.113750	11219.129883
11356.959201	0.084727	0.113750	11310.125977
11356.960101	0.084708	0.113750	11386.363281
11356.960971	0.084668	0.113750	11460.024414
11356.961979	0.084836	0.113750	11545.539062
11356.962966	0.084763	0.113750	11629.200195
11356.963836	0.084771	0.113750	11702.950195
11357.784591	1.080905	0.221987	549.099548
11357.785639	1.529974	0.221987	2152.512695
11357.786577	1.506918	0.221987	3566.001465
11357.787445	1.467993	0.221987	4840.219727
11357.788518	1.424381	0.221987	6368.580566
11357.789525	1.383856	0.221987	7762.124023
11357.790411	1.350095	0.221987	8958.308594
11357.791404	1.314086	0.221987	10263.195312
11357.792470	0.534177	0.221987	10832.627930
11357.793370	0.086316	0.221987	10910.312500
11357.794227	0.084686	0.221987	10982.888672
11357.795311	0.084727	0.221987	11074.732422
11357.796300	0.084668	0.221987	11158.468750
11357.797175	0.084661	0.221987	11232.546875
11357.798165	0.084855	0.221987	11316.552734
11357.799199	0.084760	0.221987	11404.194336
11357.800097	0.084653	0.221987	11480.212891
11357.800963	0.084730	0.221987	11553.588867
11357.802077	0.084763	0.221987	11648.014648
11358.979534	1.058635	0.112610	466.858124
11358.980406	1.522961	0.112610	1794.880493
11358.981419	1.514224	0.112610	3328.789062
11358.982474	1.469271	0.112610	4878.870117
11358.983354	1.431519	0.112610	6138.606445
11358.984239	1.394634	0.112610	7372.857422
11358.985329	1.354039	0.112610	8848.759766
11358.986295	1.318275	0.112610	10122.213867
11358.987167	0.907562	0.112610	10913.608398
11358.988187	0.097028	0.112610	11012.576172
11358.989232	0.084675	0.112610	11101.061523
11358.990108	0.084716	0.112610	11175.272461
11358.991029	0.084763	0.112610	11253.339844
11358.992072	0.084792	0.112610	11341.778320
11358.993017	0.084584	0.112610	11421.709961
11358.993886	0.084785	0.112610	11495.388672
11358.994927	0.084913	0.112610	11583.783203
11358.995940	0.084829	0.112610	11669.714844
11358.996834	0.084697	0.112610	11745.434570
11359.818244	1.097736	0.220536	546.672363
11359.819263	1.530674	0.220536	2106.429199
11359.820161	1.510045	0.220536	3462.449707
11359.821122	1.468762	0.220536	4873.930176
11359.822177	1.424626	0.220536	6376.911133
11359.823112	1.386925	0.220536	7673.686035
11359.823981	1.352644	0.220536	8849.133789
11359.825071	1.313474	0.220536	10280.820312
11359.826064	0.581832	0.220536	10858.580078
11359.826948	0.088114	0.220536	10936.472656
11359.827951	0.084745	0.220536	11021.471680
11359.829013	0.084697	0.220536	11111.419922
11359.829897	0.084624	0.220536	11186.227539
11359.830753	0.084694	0.220536	11258.725586
11359.831853	0.084858	0.220536	11352.070312
11359.832818	0.084694	0.220536	11433.799805
11359.833673	0.084749	0.220536	11506.259766
11359.834750	0.084800	0.220536	11597.588867
11359.835792	0.084705	0.220536	11685.850586
11361.010109	1.033762	0.117963	441.416412
11361.011080	1.522760	0.117963	1920.016235
11361.012123	1.509672	0.117963	3494.603760
11361.013030	1.469597	0.117963	4827.528320
11361.013898	1.432244	0.117963	6070.715820
11361.014984	1.389748	0.117963	7579.982422
11361.015974	1.351586	0.117963	8918.052734
11361.016856	1.319117	0.117963	10081.514648
11361.017872	0.759540	0.117963	10853.207031
11361.018913	0.089059	0.117963	10945.916992
11361.019795	0.084598	0.117963	11020.533203
11361.020651	0.084664	0.117963	11093.005859
11361.021765	0.084752	0.117963	11187.419922
11361.022714	0.084653	0.117963	11267.755859
11361.023579	0.084624	0.117963	11340.956055
11361.024609	0.084745	0.117963	11428.243164
11361.025642	0.084719	0.117963	11515.757812
11361.026531	0.084745	0.117963	11591.095703
11361.027420	0.084738	0.117963	11666.427734
11361.851924	1.111044	0.222055	567.743347
11361.852849	1.528876	0.222055	1981.953369
11361.853716	1.513385	0.222055	3294.058105
11361.854788	1.468121	0.222055	4867.884277
11361.855785	1.426329	0.222055	6289.934570
11361.856683	1.390525	0.222055	7538.625977
11361.857661	1.353278	0.222055	8862.131836
11361.858723	1.314207	0.222055	10257.819336
11361.859644	0.705289	0.222055	10907.390625
11361.860507	0.092142	0.222055	10986.909180
11361.861590	0.084756	0.222055	11078.700195
11361.862576	0.084697	0.222055	11162.211914
11361.863463	0.084690	0.222055	11237.332031
11361.864444	0.084741	0.222055	11320.462891
11361.865493	0.084778	0.222055	11409.394531
11361.866372	0.084668	0.222055	11483.817383
11361.867227	0.084650	0.222055	11556.192383
11361.868320	0.084785	0.222055	11648.862305
11361.869281	0.084650	0.222055	11730.210937
11363.040700	1.031495	0.116090	439.417023
11363.041669	1.522200	0.116090	1914.428467
11363.042627	1.512971	0.116090	3363.854980
11363.043553	1.472889	0.116090	4727.750488
11363.044419	1.436034	0.116090	5971.355957
11363.045456	1.394989	0.116090	7417.959473
11363.046336	1.360455	0.116090	8615.160156
11363.047213	1.327800	0.116090	9779.640625
11363.048141	1.071185	0.116090	10773.700195
11363.049135	0.128470	0.116090	10901.399414
11363.050045	0.084532	0.116090	10978.324219
11363.050931	0.084712	0.116090	11053.378906
11363.051917	0.084781	0.116090	11136.973633
11363.052828	0.084701	0.116090	11214.135742
11363.053748	0.084752	0.116090	11292.107422
11363.054610	0.084774	0.116090	11365.182617
11363.055652	0.084697	0.116090	11453.437500
11363.056543	0.084749	0.116090	11528.948242
11363.057412	0.084683	0.116090	11602.537109
11363.887696	1.163518	0.221181	657.387695
11363.888740	1.531077	0.221181	2255.831787
11363.889624	1.506768	0.221181	3587.814453
11363.890561	1.465847	0.221181	4961.313477
11363.891639	1.421733	0.221181	6493.942383
11363.892576	1.383962	0.221181	7790.714844
11363.893441	1.350172	0.221181	8958.613281
11363.894494	1.311584	0.221181	10339.711914
11363.895515	0.496626	0.221181	10846.766602
11363.896401	0.086400	0.221181	10923.317383
11363.897367	0.084617	0.221181	11005.056641
11363.898411	0.084763	0.221181	11093.549805
11363.899334	0.084716	0.221181	11171.742187
11363.900196	0.084675	0.221181	11244.732422
11363.901254	0.084741	0.221181	11334.388672
11363.902253	0.084723	0.221181	11419.026367
11363.903145	0.084613	0.221181	11494.500977
11363.904119	0.084749	0.221181	11577.045898
11363.905174	0.084672	0.221181	11666.374023
11365.068308	1.105627	0.118886	563.869995
11365.069212	1.528634	0.118886	1945.755249
11365.070078	1.514747	0.118886	3257.526367
11365.071160	1.468799	0.118886	4846.766602
11365.072167	1.426677	0.118886	6283.430664
11365.073070	1.390558	0.118886	7539.104492
11365.074051	1.353256	0.118886	8866.648437
11365.075104	1.314499	0.118886	10250.816406
11365.076013	0.726716	0.118886	10911.401367
11365.076874	0.093073	0.118886	10991.537109
11365.077959	0.084661	0.118886	11083.393555
11365.078917	0.084646	0.118886	11164.484375
11365.079785	0.084642	0.118886	11237.954102
11365.080793	0.084730	0.118886	11323.362305
11365.081848	0.084730	0.118886	11412.752930
11365.082726	0.084551	0.118886	11486.988281
11365.083583	0.084745	0.118886	11559.614258
11365.084685	0.084752	0.118886	11653.010742
11365.085651	0.084587	0.118886	11734.722656
11365.924284	1.048740	0.217503	446.763367
11365.925341	1.529454	0.217503	2063.396729
11365.926229	1.512107	0.217503	3406.147705
11365.927102	1.473853	0.217503	4692.820801
11365.928065	1.433697	0.217503	6073.471680
11365.929015	1.394857	0.217503	7398.585937
11365.929930	1.359741	0.217503	8642.749023
11365.930812	1.326669	0.217503	9812.871094
11365.931841	1.006534	0.217503	10848.594727
11365.932761	0.117854	0.217503	10957.020508
11365.933648	0.084569	0.217503	11032.033203
11365.934571	0.084723	0.217503	11110.232422
11365.935579	0.084705	0.217503	11195.614258
11365.936499	0.084639	0.217503	11273.481445
11365.937362	0.084701	0.217503	11346.578125
11365.938419	0.084789	0.217503	11436.200195
11365.939307	0.084562	0.217503	11511.291016
11365.940169	0.084686	0.217503	11584.291016
11365.941032	0.084730	0.217503	11657.413086
11367.093687	1.024160	0.124022	432.195587
11367.094685	1.523013	0.124022	1952.162109
11367.095626	1.512316	0.124022	3375.251221
11367.096548	1.472446	0.124022	4732.846680
11367.097419	1.435441	0.124022	5983.115234
11367.098460	1.394271	0.124022	7434.551758
11367.099356	1.359434	0.124022	8652.604492
11367.100234	1.326867	0.124022	9817.593750
11367.101192	1.031034	0.124022	10805.324219
11367.102174	0.122219	0.124022	10925.343750
11367.103093	0.084540	0.124022	11003.036133
11367.103951	0.084697	0.124022	11075.706055
11367.104972	0.084752	0.124022	11162.238281
11367.105866	0.084705	0.124022	11237.963867
11367.106741	0.084712	0.124022	11312.086914
11367.107604	0.084800	0.124022	11385.269531
11367.108662	0.084785	0.124022	11474.972656
11367.109553	0.084771	0.124022	11550.502930
11367.110431	0.084705	0.124022	11624.874023
11367.963077	1.036439	0.206993	446.705292
11367.963941	1.521185	0.206993	1761.009399
11367.965007	1.513184	0.206993	3374.062988
11367.965891	1.474142	0.206993	4677.204102
11367.966758	1.437458	0.206993	5923.480469
11367.967692	1.399310	0.206993	7230.436523
11367.968684	1.361100	0.206993	8580.647461
11367.969603	1.326980	0.206993	9800.142578
11367.970491	1.157812	0.206993	10828.280273
11367.971522	0.138040	0.206993	10970.598633
11367.972426	0.084635	0.206993	11047.108398
11367.973297	0.084752	0.206993	11120.927734
11367.974155	0.084781	0.206993	11193.669922
11367.975220	0.084814	0.206993	11283.997070
11367.976104	0.084642	0.206993	11358.821289
11367.976969	0.084712	0.206993	11432.096680
11367.977955	0.084825	0.206993	11515.734375
11367.978868	0.084763	0.206993	11593.123047
11367.979779	0.084690	0.206993	11670.275391
11369.121333	1.147727	0.125335	616.329407
11369.122246	1.529791	0.125335	2013.028809
11369.123176	1.511715	0.125335	3418.923828
11369.124049	1.472281	0.125335	4704.225586
11369.125081	1.430332	0.125335	6180.328125
11369.125963	1.394590	0.125335	7410.356445
11369.126836	1.361001	0.125335	8598.510742
11369.127841	1.324413	0.125335	9929.545898
11369.128770	1.003839	0.125335	10862.112305
11369.129683	0.119297	0.125335	10971.030273
11369.130559	0.084580	0.125335	11045.122070
11369.131571	0.084679	0.125335	11130.817383
11369.132470	0.084668	0.125335	11206.933594
11369.133343	0.084716	0.125335	11280.890625
11369.134273	0.084888	0.125335	11359.835937
11369.135265	0.084664	0.125335	11443.823242
11369.136183	0.084734	0.125335	11521.609375
11369.137062	0.084767	0.125335	11596.119141
11369.138064	0.084646	0.125335	11680.934570
11370.000907	1.099764	0.206043	547.682678
11370.001859	1.529648	0.206043	2003.907959
11370.002724	1.514282	0.206043	3313.762207
11370.003754	1.469883	0.206043	4827.741699
11370.004781	1.427322	0.206043	6293.601074
11370.005672	1.390789	0.206043	7532.793945
11370.006592	1.355398	0.206043	8779.759766
11370.007661	1.316389	0.206043	10186.979492
11370.008604	0.756680	0.206043	10900.528320
11370.009461	0.094746	0.206043	10981.725586
11370.010514	0.084745	0.206043	11070.961914
11370.011539	0.084672	0.206043	11157.750000
11370.012409	0.084661	0.206043	11231.404297
11370.013350	0.084778	0.206043	11311.180664
11370.014401	0.084825	0.206043	11400.332031
11370.015330	0.084701	0.206043	11479.019531
11370.016197	0.084785	0.206043	11552.528320
11370.017240	0.084789	0.206043	11640.962891
11370.018257	0.084694	0.206043	11727.096680
11371.147848	1.159032	0.129077	644.421814
11371.148760	1.530472	0.129077	2040.212646
11371.149688	1.511195	0.129077	3442.601562
11371.150556	1.471505	0.129077	4719.868164
11371.151607	1.429142	0.129077	6221.896484
11371.152505	1.392909	0.129077	7472.728516
11371.153384	1.359075	0.129077	8667.355469
11371.154400	1.322241	0.129077	10010.752930
11371.155329	0.936790	0.129077	10881.030273
11371.156247	0.108479	0.129077	10980.614258
11371.157105	0.084617	0.129077	11053.215820
11371.158131	0.084602	0.129077	11140.017578
11371.159030	0.084752	0.129077	11216.209961
11371.159902	0.084756	0.129077	11290.117187
11371.160866	0.084752	0.129077	11371.818359
11371.161814	0.084752	0.129077	11452.163086
11371.162731	0.084591	0.129077	11529.733398
11371.163596	0.084756	0.129077	11603.046875
11371.164627	0.084694	0.129077	11690.366211
11372.039607	1.027068	0.196536	433.422668
11372.040620	1.526374	0.196536	1979.639893
11372.041608	1.510056	0.196536	3471.575195
11372.042489	1.471436	0.196536	4767.910156
11372.043373	1.432976	0.196536	6034.661133
11372.044483	1.390444	0.196536	7578.054687
11372.045381	1.355156	0.196536	8794.985352
11372.046247	1.323142	0.196536	9940.826172
11372.047327	0.811447	0.196536	10817.188477
11372.048294	0.092223	0.196536	10906.368164
11372.049171	0.084664	0.196536	10980.619141
11372.050058	0.084686	0.196536	11055.736328
11372.051146	0.084723	0.196536	11147.915039
11372.052024	0.084701	0.196536	11222.282227
11372.052879	0.084650	0.196536	11294.657227
11372.053935	0.084771	0.196536	11384.174805
11372.054894	0.084738	0.196536	11465.438477
11372.055806	0.084661	0.196536	11542.649414
11372.056675	0.084745	0.196536	11616.292969
11373.174294	1.106755	0.137944	566.658752
11373.175188	1.528455	0.137944	1933.097168
11373.176052	1.514513	0.137944	3241.636230
11373.177169	1.468121	0.137944	4881.527832
11373.178148	1.427494	0.137944	6279.044434
11373.179016	1.392231	0.137944	7487.501465
11373.180092	1.351113	0.137944	8941.299805
11373.181129	1.312991	0.137944	10302.871094
11373.182022	0.695112	0.137944	10923.606445
11373.182957	0.091791	0.137944	11009.430664
11373.184009	0.084763	0.137944	11098.601562
11373.184953	0.084789	0.137944	11178.642578
11373.185811	0.084771	0.137944	11251.375977
11373.186853	0.084840	0.137944	11339.779297
11373.187878	0.084749	0.137944	11426.646484
11373.188757	0.084811	0.137944	11501.195312
11373.189713	0.084862	0.137944	11582.323242
11373.190756	0.084954	0.137944	11670.929687
11373.191686	0.084760	0.137944	11749.755859
11374.073381	1.124187	0.202534	583.453125
11374.074418	1.531040	0.202534	2171.141602
11374.075304	1.509075	0.202534	3508.181641
11374.076239	1.468001	0.202534	4880.762207
11374.077317	1.423740	0.202534	6415.554199
11374.078240	1.386229	0.202534	7695.043945
11374.079113	1.352439	0.202534	8875.722656
11374.080148	1.314346	0.202534	10236.070312
11374.081168	0.594280	0.202534	10842.235352
11374.082052	0.088000	0.202534	10920.027344
11374.083022	0.084796	0.202534	11002.279297
11374.084084	0.084785	0.202534	11092.321289
11374.085010	0.084781	0.202534	11170.829102
11374.085872	0.084781	0.202534	11243.911133
11374.086946	0.084928	0.202534	11335.124023
11374.087940	0.084760	0.202534	11419.375000
11374.088828	0.084716	0.202534	11494.602539
11374.089799	0.084913	0.202534	11577.053711
11374.090843	0.084913	0.202534	11665.703125
11375.205816	1.027848	0.134745	432.723969
11375.206798	1.523390	0.134745	1928.692871
11375.207803	1.510481	0.134745	3446.726318
11375.208695	1.471600	0.134745	4759.393555
11375.209567	1.433881	0.134745	6009.737305
11375.210661	1.391217	0.134745	7531.729004
11375.211588	1.355259	0.134745	8788.053711
11375.212474	1.322662	0.134745	9959.932617
11375.213465	0.890581	0.134745	10842.498047
11375.214461	0.095061	0.134745	10937.178711
11375.215340	0.084741	0.134745	11011.666016
11375.216199	0.084708	0.134745	11084.430664
11375.217281	0.084811	0.134745	11176.196289
11375.218197	0.084705	0.134745	11253.786133
11375.219065	0.084734	0.134745	11327.334961
11375.220023	0.084910	0.134745	11408.678711
11375.221039	0.084708	0.134745	11494.742187
11375.221934	0.084745	0.134745	11570.588867
11375.222800	0.084708	0.134745	11643.946289
11376.104909	1.054808	0.199698	462.006073
11376.105783	1.523090	0.199698	1793.186401
11376.106771	1.514235	0.199698	3289.250244
11376.107783	1.470685	0.199698	4777.583008
11376.108686	1.433060	0.199698	6071.636719
11376.109555	1.396710	0.199698	7285.377930
11376.110645	1.356248	0.199698	8763.687500
11376.111556	1.322091	0.199698	9968.112305
11376.112434	1.036502	0.199698	10878.160156
11376.113432	0.120758	0.199698	10998.676758
11376.114422	0.084661	0.199698	11082.491211
11376.115314	0.084734	0.199698	11158.074219
11376.116177	0.084760	0.199698	11231.221680
11376.117264	0.084866	0.199698	11323.470703
11376.118165	0.084712	0.199698	11399.795898
11376.119033	0.084785	0.199698	11473.389648
11376.120025	0.084844	0.199698	11557.554687
11376.121037	0.084807	0.199698	11643.379883
11376.121909	0.084785	0.199698	11717.312500
11377.241533	1.028456	0.128167	435.036835
11377.242418	1.520793	0.128167	1780.939087
11377.243506	1.510536	0.128167	3424.402344
11377.244478	1.468879	0.128167	4852.153320
11377.245354	1.432225	0.128167	6106.782715
11377.246369	1.391140	0.128167	7518.790039
11377.247407	1.351586	0.128167	8921.736328
11377.248300	1.318495	0.128167	10099.152344
11377.249242	0.820382	0.128167	10871.952148
11377.250302	0.090322	0.128167	10967.693359
11377.251251	0.084624	0.128167	11048.001953
11377.252111	0.084723	0.128167	11120.863281
11377.253164	0.084851	0.128167	11210.211914
11377.254180	0.084814	0.128167	11296.383789
11377.255070	0.084767	0.128167	11371.826172
11377.256018	0.084840	0.128167	11452.254883
11377.257049	0.084825	0.128167	11539.709961
11377.257973	0.084712	0.128167	11617.983398
11377.258833	0.084767	0.128167	11690.882812
11378.134477	1.042372	0.189824	453.431702
11378.135344	1.521683	0.189824	1772.731201
11378.136403	1.512308	0.189824	3374.265625
11378.137427	1.468099	0.189824	4877.599609
11378.138302	1.430885	0.189824	6129.624023
11378.139260	1.392517	0.189824	7463.655273
11378.140314	1.351904	0.189824	8888.562500
11378.141244	1.317528	0.189824	10113.863281
11378.142121	0.876980	0.189824	10882.974609
11378.143184	0.092322	0.189824	10981.112305
11378.144176	0.084635	0.189824	11065.070312
11378.145075	0.084708	0.189824	11141.222656
11378.146043	0.084760	0.189824	11223.269531
11378.147087	0.084705	0.189824	11311.701172
11378.147999	0.084694	0.189824	11388.941406
11378.148860	0.084657	0.189824	11461.831055
11378.149934	0.084814	0.189824	11552.921875
11378.150920	0.084675	0.189824	11636.412109
11378.151811	0.084664	0.189824	11711.847656
11379.277289	1.082703	0.126938	509.952942
11379.278162	1.524990	0.126938	1841.269287
11379.279140	1.514736	0.126938	3322.681396
11379.280188	1.469260	0.126938	4862.465820
11379.281115	1.430160	0.126938	6188.224121
11379.281976	1.394484	0.126938	7388.874512
11379.283049	1.354156	0.126938	8841.884766
11379.284058	1.316803	0.126938	10170.539062
11379.284941	0.845435	0.126938	10917.057617
11379.285925	0.098877	0.126938	11014.352539
11379.286963	0.084756	0.126938	11102.329102
11379.287871	0.084712	0.126938	11179.247070
11379.288737	0.084646	0.126938	11252.550781
11379.289835	0.084800	0.126938	11345.661133
11379.290827	0.084716	0.126938	11429.699219
11379.291722	0.084679	0.126938	11505.487305
11379.292710	0.084880	0.126938	11589.348633
11379.293766	0.084664	0.126938	11678.753906
11379.294655	0.084653	0.126938	11754.010742
11380.160064	1.136429	0.195082	635.264038
11380.161008	1.530516	0.195082	2080.071533
11380.161929	1.510203	0.195082	3470.968262
11380.162798	1.471403	0.195082	4749.617187
11380.163846	1.428889	0.195082	6247.092773
11380.164750	1.392074	0.195082	7505.527832
11380.165619	1.358130	0.195082	8685.742187
11380.166579	1.322963	0.195082	9955.786133
11380.167541	0.954939	0.195082	10874.437500
11380.168457	0.108849	0.195082	10974.143555
11380.169334	0.084576	0.195082	11048.317383
11380.170353	0.084708	0.195082	11134.634766
11380.171243	0.084686	0.195082	11210.005859
11380.172120	0.084694	0.195082	11284.282227
11380.172975	0.084741	0.195082	11356.736328
11380.174027	0.084712	0.195082	11445.853516
11380.174908	0.084642	0.195082	11520.423828
11380.175771	0.084591	0.195082	11593.425781
11380.176756	0.084730	0.195082	11676.884766
11381.316116	1.108931	0.125670	565.554687
11381.317123	1.530981	0.125670	2107.252930
11381.318016	1.510708	0.125670	3456.315186
11381.318999	1.468469	0.125670	4899.820312
11381.320048	1.424370	0.125670	6393.984375
11381.320972	1.387094	0.125670	7675.658691
11381.321839	1.353051	0.125670	8848.753906
11381.322923	1.313881	0.125670	10273.000000
11381.323926	0.582499	0.125670	10857.246094
11381.324798	0.088180	0.125670	10934.138672
11381.325783	0.084668	0.125670	11017.537109
11381.326830	0.084803	0.125670	11106.326172
11381.327721	0.084657	0.125670	11181.755859
11381.328578	0.084756	0.125670	11254.391602
11381.329677	0.084752	0.125670	11347.534180
11381.330634	0.084650	0.125670	11428.543945
11381.331507	0.084675	0.125670	11502.465820
11381.332507	0.084825	0.125670	11587.291016
11381.333555	0.084752	0.125670	11676.111328
11382.182337	1.033004	0.209181	442.125793
11382.183355	1.524170	0.209181	1993.730713
11382.184249	1.512579	0.209181	3345.976562
11382.185171	1.473040	0.209181	4704.119141
11382.186050	1.435203	0.209181	5965.662109
11382.187082	1.394377	0.209181	7404.659668
11382.187989	1.359097	0.209181	8637.360352
11382.188912	1.325321	0.209181	9860.631836
11382.189785	1.072991	0.209181	10797.352539
11382.190779	0.127698	0.209181	10924.284180
11382.191690	0.084672	0.209181	11001.419922
11382.192555	0.084664	0.209181	11074.654297
11382.193579	0.084686	0.209181	11161.373047
11382.194454	0.084767	0.209181	11235.543945
11382.195353	0.084738	0.209181	11311.722656
11382.196231	0.084646	0.209181	11386.041992
11382.197184	0.084679	0.209181	11466.741211
11382.198107	0.084730	0.209181	11544.947266
11382.198989	0.084639	0.209181	11619.598633
11383.357885	1.032429	0.121855	438.782410
11383.358747	1.520980	0.121855	1749.867187
11383.359843	1.511982	0.121855	3407.000000
11383.360757	1.471835	0.121855	4752.256836
11383.361634	1.435195	0.121855	6010.922852
11383.362641	1.395286	0.121855	7415.975586
11383.363636	1.356046	0.121855	8765.241211
11383.364522	1.323212	0.121855	9937.606445
11383.365384	1.030030	0.121855	10825.493164
11383.366471	0.108431	0.121855	10943.358398
11383.367367	0.084580	0.121855	11019.142578
11383.368241	0.084617	0.121855	11093.097656
11383.369199	0.084774	0.121855	11174.311523
11383.370217	0.084646	0.121855	11260.481445
11383.371100	0.084672	0.121855	11335.246094
11383.371962	0.084642	0.121855	11408.208008
11383.373045	0.084796	0.121855	11500.041992
11383.373991	0.084708	0.121855	11580.175781
11383.374870	0.084661	0.121855	11654.592773
11384.206824	1.079941	0.227876	503.252686
11384.207701	1.524807	0.227876	1840.508545
11384.208661	1.514593	0.227876	3294.518311
11384.209723	1.468579	0.227876	4854.149414
11384.210652	1.429841	0.227876	6182.471680
11384.211522	1.394088	0.227876	7395.328125
11384.212596	1.353351	0.227876	8848.827148
11384.213603	1.315880	0.227876	10173.917969
11384.214504	0.819280	0.227876	10912.088867
11384.215485	0.096021	0.227876	11006.285156
11384.216550	0.084668	0.227876	11096.457031
11384.217449	0.084705	0.227876	11172.606445
11384.218311	0.084778	0.227876	11245.684570
11384.219397	0.084745	0.227876	11337.717773
11384.220356	0.084584	0.227876	11418.833984
11384.221226	0.084646	0.227876	11492.475586
11384.222254	0.084792	0.227876	11579.642578
11384.223301	0.084730	0.227876	11668.355469
11384.224183	0.084683	0.227876	11743.045898
11385.396728	1.101134	0.115784	534.050049
11385.397617	1.526917	0.115784	1891.478760
11385.398597	1.513187	0.115784	3374.402344
11385.399655	1.467188	0.115784	4926.686523
11385.400582	1.428388	0.115784	6250.801758
11385.401451	1.392319	0.115784	7460.727539
11385.402544	1.351307	0.115784	8937.707031
11385.403532	1.314811	0.115784	10236.740234
11385.404435	0.761653	0.115784	10924.512695
11385.405438	0.092563	0.115784	11017.353516
11385.406484	0.084635	0.115784	11105.881836
11385.407365	0.084635	0.115784	11180.445312
11385.408233	0.084620	0.115784	11253.895508
11385.409321	0.084763	0.115784	11346.118164
11385.410280	0.084598	0.115784	11427.248047
11385.411139	0.084613	0.115784	11499.930664
11385.412189	0.084807	0.115784	11588.978516
11385.413220	0.084723	0.115784	11676.328125
11385.414101	0.084716	0.115784	11750.962891
11386.234303	1.031547	0.235429	441.501953
11386.235326	1.523697	0.235429	2000.244507
11386.236376	1.507522	0.235429	3583.142578
11386.237266	1.467697	0.235429	4889.392578
11386.238133	1.429636	0.235429	6128.887207
11386.239239	1.386815	0.235429	7662.705078
11386.240205	1.350114	0.235429	8966.915039
11386.241079	1.317858	0.235429	10118.722656
11386.242092	0.719246	0.235429	10847.318359
11386.243142	0.087532	0.235429	10939.226562
11386.244028	0.084679	0.235429	11014.251953
11386.244945	0.084738	0.235429	11091.956055
11386.246008	0.084734	0.235429	11182.028320
11386.246950	0.084650	0.235429	11261.768555
11386.247813	0.084609	0.235429	11334.786133
11386.248858	0.084730	0.235429	11423.329102
11386.249878	0.084664	0.235429	11509.686523
11386.250765	0.084624	0.235429	11584.748047
11386.251696	0.084679	0.235429	11663.583984
11387.434435	1.036908	0.114293	442.759735
11387.435491	1.527700	0.114293	2056.010986
11387.436506	1.507251	0.114293	3585.870605
11387.437382	1.468729	0.114293	4872.477539
11387.438361	1.428783	0.114293	6271.255859
11387.439404	1.386453	0.114293	7717.326172
11387.440320	1.350978	0.114293	8954.822266
11387.441184	1.318458	0.114293	10093.969727
11387.442243	0.695508	0.114293	10830.512695
11387.443253	0.087166	0.114293	10918.549805
11387.444138	0.084591	0.114293	10993.413086
11387.445109	0.084811	0.114293	11075.764648
11387.446146	0.084844	0.114293	11163.748047
11387.447055	0.084697	0.114293	11240.738281
11387.447916	0.084598	0.114293	11313.577148
11387.449014	0.084752	0.114293	11406.634766
11387.450002	0.084661	0.114293	11490.279297
11387.450895	0.084624	0.114293	11565.848633
11387.451885	0.084811	0.114293	11649.811523
11388.263874	1.033488	0.239345	442.332672
11388.264822	1.521138	0.239345	1884.371216
11388.265881	1.509441	0.239345	3482.869141
11388.266817	1.468674	0.239345	4857.548340
11388.267679	1.432211	0.239345	6092.113770
11388.268755	1.389617	0.239345	7587.341309
11388.269774	1.350575	0.239345	8963.577148
11388.270657	1.317839	0.239345	10127.229492
11388.271630	0.759507	0.239345	10866.229492
11388.272681	0.088934	0.239345	10959.699219
11388.273583	0.084628	0.239345	11036.033203
11388.274450	0.084708	0.239345	11109.475586
11388.275504	0.084760	0.239345	11198.812500
11388.276491	0.084576	0.239345	11282.289062
11388.277382	0.084664	0.239345	11357.724609
11388.278355	0.084734	0.239345	11440.170898
11388.279406	0.084741	0.239345	11529.234375
11388.280318	0.084705	0.239345	11606.485352
11388.281181	0.084800	0.239345	11679.667969
11389.469195	1.100552	0.112642	551.376404
11389.470118	1.528879	0.112642	1962.531982
11389.470998	1.515179	0.112642	3295.889893
11389.471975	1.473560	0.112642	4735.557617
11389.472992	1.430489	0.112642	6190.365234
11389.473872	1.394626	0.112642	7417.636719
11389.474733	1.360389	0.112642	8588.931641
11389.475804	1.321743	0.112642	10004.518555
11389.476740	0.945311	0.112642	10889.330078
11389.477603	0.113423	0.112642	10987.213867
11389.478563	0.084646	0.112642	11068.473633
11389.479580	0.084668	0.112642	11154.581055
11389.480472	0.084763	0.112642	11230.189453
11389.481334	0.084675	0.112642	11303.179687
11389.482389	0.084818	0.112642	11392.663086
11389.483333	0.084635	0.112642	11472.558594
11389.484207	0.084705	0.112642	11546.590820
11389.485136	0.084701	0.112642	11625.278320
11389.486169	0.084628	0.112642	11712.698242
11390.293468	1.063191	0.250721	467.804016
11390.294347	1.523221	0.250721	1806.715576
11390.295218	1.519076	0.250721	3129.830811
11390.296206	1.477229	0.250721	4589.333008
11390.297130	1.437773	0.250721	5917.835449
11390.298040	1.400402	0.250721	7192.201172
11390.298926	1.365527	0.250721	8402.058594
11390.299888	1.330408	0.250721	9681.911133
11390.300817	1.192540	0.250721	10789.781250
11390.301709	0.191276	0.250721	10960.399414
11390.302621	0.084580	0.250721	11037.536133
11390.303568	0.084602	0.250721	11117.654297
11390.304505	0.084606	0.250721	11196.929687
11390.305396	0.084719	0.250721	11272.414062
11390.306319	0.084672	0.250721	11350.566406
11390.307274	0.084719	0.250721	11431.473633
11390.308148	0.084661	0.250721	11505.466797
11390.309046	0.084727	0.250721	11581.550781
11390.310020	0.084562	0.250721	11663.914062
11391.502779	1.027266	0.111691	434.533325
11391.503692	1.522002	0.111691	1824.120972
11391.504672	1.515428	0.111691	3309.240723
11391.505599	1.474786	0.111691	4676.367676
11391.506472	1.437568	0.111691	5931.364746
11391.507465	1.397245	0.111691	7318.829102
11391.508410	1.360770	0.111691	8604.756836
11391.509288	1.328254	0.111691	9770.963867
11391.510342	0.969225	0.111691	10792.527344
11391.511309	0.112159	0.111691	10900.985352
11391.512233	0.084543	0.111691	10979.103516
11391.513088	0.084690	0.111691	11051.513672
11391.514021	0.084697	0.111691	11130.536133
11391.514969	0.084591	0.111691	11210.728516
11391.515855	0.084635	0.111691	11285.714844
11391.516762	0.084686	0.111691	11362.525391
11391.517680	0.084664	0.111691	11440.247070
11391.518620	0.084694	0.111691	11519.859375
11391.519506	0.084697	0.111691	11594.901367
11392.326101	1.065179	0.248408	480.395935
11392.326992	1.524705	0.248408	1838.907715
11392.327986	1.513748	0.248408	3343.572754
11392.329036	1.468685	0.248408	4885.692383
11392.329939	1.430398	0.248408	6177.341797
11392.330804	1.394077	0.248408	7383.218750
11392.331904	1.353336	0.248408	8871.888672
11392.332879	1.317301	0.248408	10156.256836
11392.333750	0.882715	0.248408	10925.101562
11392.334778	0.098408	0.248408	11026.265625
11392.335821	0.084624	0.248408	11114.528320
11392.336704	0.084697	0.248408	11189.316406
11392.337583	0.084727	0.248408	11263.791016
11392.338702	0.084803	0.248408	11358.686523
11392.339649	0.084624	0.248408	11438.825195
11392.340509	0.084771	0.248408	11511.727539
11392.341515	0.084822	0.248408	11597.058594
11392.342549	0.084730	0.248408	11684.669922
11392.343440	0.084781	0.248408	11760.209961
11393.537465	1.025859	0.108895	433.938507
11393.538372	1.521068	0.108895	1813.547241
11393.539397	1.513213	0.108895	3364.590332
11393.540290	1.474025	0.108895	4680.894531
11393.541172	1.437275	0.108895	5948.571289
11393.542188	1.396967	0.108895	7367.889160
11393.543102	1.360404	0.108895	8611.298828
11393.544024	1.326617	0.108895	9834.440430
11393.544892	1.082135	0.108895	10773.733398
11393.545948	0.122560	0.108895	10903.156250
11393.546820	0.084617	0.108895	10976.942383
11393.547698	0.084749	0.108895	11051.351562
11393.548669	0.084778	0.108895	11133.670898
11393.549603	0.084701	0.108895	11212.781250
11393.550513	0.084763	0.108895	11289.916016
11393.551386	0.084760	0.108895	11363.911133
11393.552419	0.084719	0.108895	11451.425781
11393.553315	0.084591	0.108895	11527.219727
11393.554186	0.084756	0.108895	11601.041992
11394.356718	1.069797	0.252787	493.176605
11394.357611	1.524928	0.252787	1854.937256
11394.358479	1.517259	0.252787	3171.918457
11394.359490	1.475533	0.252787	4663.682617
11394.360426	1.435657	0.252787	6007.457520
11394.361297	1.399398	0.252787	7226.333496
11394.362175	1.364517	0.252787	8424.378906
11394.363144	1.328884	0.252787	9712.067383
11394.364098	1.136682	0.252787	10796.461914
11394.364992	0.165267	0.252787	10944.210937
11394.365906	0.084609	0.252787	11021.543945
11394.366860	0.084734	0.252787	11102.379883
11394.367780	0.084635	0.252787	11180.244141
11394.368643	0.084661	0.252787	11253.306641
11394.369615	0.084741	0.252787	11335.674805
11394.370539	0.084686	0.252787	11413.924805
11394.371444	0.084694	0.252787	11490.572266
11394.372299	0.084650	0.252787	11562.947266
11394.373258	0.084672	0.252787	11644.147461
11395.567093	1.075950	0.114346	502.468506
11395.568018	1.527748	0.114346	1915.635132
11395.568912	1.515729	0.114346	3270.696777
11395.569836	1.476401	0.114346	4634.891602
11395.570776	1.435503	0.114346	5984.264160
11395.571725	1.397450	0.114346	7310.444336
11395.572610	1.363257	0.114346	8516.926758
11395.573537	1.328540	0.114346	9748.483398
11395.574490	1.118588	0.114346	10814.498047
11395.575423	0.151959	0.114346	10956.276367
11395.576279	0.084580	0.114346	11028.676758
11395.577236	0.084723	0.114346	11109.756836
11395.578161	0.084650	0.114346	11188.057617
11395.579037	0.084705	0.114346	11262.258789
11395.579976	0.084730	0.114346	11341.820312
11395.580925	0.084789	0.114346	11422.285156
11395.581851	0.084668	0.114346	11500.687500
11395.582715	0.084712	0.114346	11573.878906
11395.583670	0.084719	0.114346	11654.786133
11396.391434	1.099427	0.247550	549.713745
11396.392419	1.530513	0.247550	2057.268799
11396.393318	1.511521	0.247550	3416.126221
11396.394315	1.468630	0.247550	4880.350586
11396.395387	1.424509	0.247550	6407.424805
11396.396284	1.387610	0.247550	7652.110840
11396.397176	1.352424	0.247550	8858.473633
11396.398262	1.313434	0.247550	10284.863281
11396.399226	0.628780	0.247550	10891.007812
11396.400087	0.089498	0.247550	10968.065430
11396.401123	0.084833	0.247550	11055.952148
11396.402151	0.084781	0.247550	11143.107422
11396.403029	0.084697	0.247550	11217.471680
11396.403959	0.084814	0.247550	11296.349609
11396.405020	0.084877	0.247550	11386.403320
11396.405955	0.084778	0.247550	11465.670898
11396.406812	0.084789	0.247550	11538.334961
11396.407833	0.084858	0.247550	11624.975586
11396.408870	0.084734	0.247550	11712.844727
11397.599680	1.031851	0.113762	441.632050
11397.600548	1.521680	0.113762	1762.450073
11397.601620	1.512382	0.113762	3383.723145
11397.602565	1.471355	0.113762	4774.153320
11397.603448	1.434261	0.113762	6040.606445
11397.604410	1.395780	0.113762	7383.346680
11397.605436	1.356028	0.113762	8774.630859
11397.606318	1.323201	0.113762	9941.693359
11397.607179	1.055142	0.113762	10850.169922
11397.608235	0.111980	0.113762	10968.420898
11397.609173	0.084569	0.113762	11047.747070
11397.610036	0.084719	0.113762	11120.859375
11397.610963	0.084723	0.113762	11199.397461
11397.612020	0.084624	0.113762	11288.844727
11397.612913	0.084653	0.113762	11364.440430
11397.613779	0.084705	0.113762	11437.794922
11397.614797	0.084719	0.113762	11524.039062
11397.615754	0.084613	0.113762	11605.013672
11397.616626	0.084697	0.113762	11678.870117
11398.422979	1.036479	0.248843	446.722656
11398.423852	1.521632	0.248843	1775.107422
11398.424828	1.516040	0.248843	3254.762451
11398.425793	1.473951	0.248843	4677.125488
11398.426712	1.435371	0.248843	5996.231445
11398.427583	1.399691	0.248843	7215.362305
11398.428638	1.359748	0.248843	8649.896484
11398.429523	1.326456	0.248843	9823.810547
11398.430394	1.154868	0.248843	10829.701172
11398.431350	0.173240	0.248843	10995.318359
11398.432325	0.084565	0.248843	11077.769531
11398.433232	0.084705	0.248843	11154.596680
11398.434104	0.084595	0.248843	11228.363281
11398.435147	0.084646	0.248843	11316.649414
11398.436055	0.084697	0.248843	11393.554687
11398.436928	0.084576	0.248843	11467.389648
11398.437786	0.084708	0.248843	11540.069336
11398.438828	0.084661	0.248843	11628.286133
11398.439706	0.084631	0.248843	11702.592773
11399.634367	1.034330	0.109508	439.590149
11399.635329	1.525814	0.109508	1907.423340
11399.636265	1.514169	0.109508	3324.685059
11399.637199	1.474061	0.109508	4701.458008
11399.638071	1.436580	0.109508	5954.155273
11399.639058	1.397816	0.109508	7333.799805
11399.639988	1.361891	0.109508	8600.358398
11399.640848	1.328932	0.109508	9743.240234
11399.641881	1.036044	0.109508	10813.473633
11399.642779	0.131858	0.109508	10931.881836
11399.643692	0.084683	0.109508	11009.197266
11399.644565	0.084781	0.109508	11083.211914
11399.645540	0.084781	0.109508	11165.874023
11399.646462	0.084712	0.109508	11243.978516
11399.647346	0.084803	0.109508	11318.944336
11399.648368	0.084884	0.109508	11405.696289
11399.649270	0.084745	0.109508	11482.135742
11399.650191	0.084741	0.109508	11560.182617
11399.651057	0.084792	0.109508	11633.613281
11400.455648	1.058210	0.250221	475.136505
11400.456564	1.525752	0.250221	1872.725220
11400.457464	1.516135	0.250221	3237.247070
11400.458406	1.476009	0.250221	4627.647949
11400.459352	1.435781	0.250221	5985.896973
11400.460290	1.397787	0.250221	7297.020996
11400.461174	1.363356	0.250221	8502.227539
11400.462126	1.327262	0.250221	9765.781250
11400.463089	1.080190	0.250221	10806.004883
11400.464018	0.138058	0.250221	10934.260742
11400.464880	0.084613	0.250221	11007.197266
11400.465864	0.084771	0.250221	11090.611328
11400.466819	0.084617	0.250221	11171.419922
11400.467705	0.084694	0.250221	11246.458008
11400.468577	0.084613	0.250221	11320.240234
11400.469525	0.084752	0.250221	11400.584961
11400.470455	0.084716	0.250221	11479.370117
11400.471316	0.084763	0.250221	11552.351562
11400.472309	0.084774	0.250221	11636.532227
11401.663950	1.046660	0.109983	454.250519
11401.664817	1.522332	0.109983	1774.111938
11401.665803	1.516436	0.109983	3269.317383
11401.666756	1.475230	0.109983	4675.210937
11401.667646	1.437294	0.109983	5954.402344
11401.668539	1.400581	0.109983	7205.121094
11401.669476	1.363400	0.109983	8482.626953
11401.670437	1.328163	0.109983	9758.991211
11401.671330	1.182199	0.109983	10814.694336
11401.672251	0.183669	0.109983	10983.853516
11401.673207	0.084639	0.109983	11064.768555
11401.674093	0.084694	0.109983	11139.806641
11401.674981	0.084686	0.109983	11215.007812
11401.675910	0.084738	0.109983	11293.728516
11401.676862	0.084734	0.109983	11374.395508
11401.677740	0.084679	0.109983	11448.743164
11401.678661	0.084851	0.109983	11526.890625
11401.679591	0.084825	0.109983	11605.778320
11401.680511	0.084690	0.109983	11683.693359
11402.490300	1.052780	0.245677	446.378540
11402.491404	1.529696	0.245677	2135.163086
11402.492295	1.510360	0.245677	3480.894043
11402.493160	1.472410	0.245677	4754.528320
11402.494230	1.428113	0.245677	6282.608887
11402.495207	1.388119	0.245677	7638.800781
11402.496126	1.353501	0.245677	8882.667969
11402.496989	1.319718	0.245677	10021.584961
11402.498105	0.724468	0.245677	10830.090820
11402.498986	0.091626	0.245677	10910.813477
11402.499854	0.084642	0.245677	10984.283203
11402.500909	0.084862	0.245677	11073.812500
11402.501881	0.084789	0.245677	11156.227539
11402.502753	0.084738	0.245677	11230.119141
11402.503609	0.084800	0.245677	11302.708008
11402.504712	0.084727	0.245677	11396.161133
11402.505608	0.084646	0.245677	11472.003906
11402.506476	0.084719	0.245677	11545.540039
11402.507491	0.084851	0.245677	11631.664062
11403.693629	1.161061	0.111856	644.388733
11403.694693	1.531732	0.111856	2274.151855
11403.695591	1.506280	0.111856	3626.791504
11403.696498	1.466342	0.111856	4956.763184
11403.697573	1.422316	0.111856	6485.752441
11403.698523	1.384211	0.111856	7800.753418
11403.699389	1.350850	0.111856	8970.588867
11403.700458	1.312035	0.111856	10373.154297
11403.701490	0.472764	0.111856	10861.046875
11403.702370	0.086221	0.111856	10936.920898
11403.703326	0.084719	0.111856	11017.912109
11403.704366	0.084771	0.111856	11106.073242
11403.705288	0.084818	0.111856	11184.275391
11403.706143	0.084679	0.111856	11256.675781
11403.707188	0.084899	0.111856	11345.394531
11403.708202	0.084756	0.111856	11431.336914
11403.709086	0.084767	0.111856	11506.270508
11403.710039	0.084891	0.111856	11587.171875
11403.711098	0.084840	0.111856	11677.017578
11404.527113	1.099211	0.242986	548.506531
11404.528121	1.530542	0.242986	2091.292725
11404.529014	1.510895	0.242986	3440.521729
11404.529975	1.469396	0.242986	4852.611328
11404.531032	1.425187	0.242986	6359.033691
11404.531976	1.387185	0.242986	7668.536133
11404.532846	1.352648	0.242986	8845.339844
11404.533942	1.313331	0.242986	10284.750977
11404.534930	0.582323	0.242986	10860.085937
11404.535815	0.088140	0.242986	10938.089844
11404.536811	0.084833	0.242986	11022.583008
11404.537850	0.084800	0.242986	11110.690430
11404.538744	0.084767	0.242986	11186.471680
11404.539604	0.084781	0.242986	11259.383789
11404.540700	0.084884	0.242986	11352.416992
11404.541658	0.084814	0.242986	11433.668945
11404.542525	0.084727	0.242986	11507.126953
11404.543515	0.084858	0.242986	11591.136719
11404.544576	0.084851	0.242986	11681.164062
11405.720123	1.154143	0.113609	631.316284
11405.721178	1.531516	0.113609	2247.065918
11405.722073	1.507031	0.113609	3595.858887
11405.723002	1.466528	0.113609	4958.263672
11405.724083	1.421528	0.113609	6494.935547
11405.725044	1.383402	0.113609	7824.384766
11405.725908	1.350026	0.113609	8990.806641
11405.726949	1.312028	0.113609	10356.626953
11405.727977	0.485852	0.113609	10856.083008
11405.728861	0.086525	0.113609	10932.571289
11405.729815	0.084833	0.113609	11013.501953
11405.730849	0.084807	0.113609	11101.192383
11405.731773	0.084760	0.113609	11179.509766
11405.732630	0.084781	0.113609	11252.167969
11405.733679	0.084833	0.113609	11341.157227
11405.734689	0.084771	0.113609	11426.775391
11405.735566	0.084807	0.113609	11501.151367
11405.736513	0.084858	0.113609	11581.512695
11405.737562	0.084792	0.113609	11670.459961
11406.565818	1.034963	0.229560	438.824463
11406.566854	1.527213	0.229560	2021.017212
11406.567879	1.507108	0.229560	3565.802979
11406.568776	1.468044	0.229560	4882.638672
11406.569736	1.428369	0.229560	6253.873047
11406.570787	1.385885	0.229560	7710.438477
11406.571720	1.350326	0.229560	8970.292969
11406.572590	1.317334	0.229560	10116.373047
11406.573688	0.635760	0.229560	10814.438477
11406.574688	0.086360	0.229560	10900.798828
11406.575584	0.084587	0.229560	10976.588867
11406.576568	0.084855	0.229560	11060.085937
11406.577625	0.084851	0.229560	11149.773437
11406.578528	0.084767	0.229560	11226.318359
11406.579392	0.084774	0.229560	11299.563477
11406.580480	0.084763	0.229560	11391.786133
11406.581446	0.084730	0.229560	11473.635742
11406.582313	0.084697	0.229560	11547.068359
11406.583321	0.084884	0.229560	11632.631836
11407.747595	1.094216	0.114386	550.390808
11407.748471	1.527477	0.114386	1888.460449
11407.749331	1.515937	0.114386	3192.166504
11407.750438	1.470092	0.114386	4819.557617
11407.751398	1.430017	0.114386	6192.374023
11407.752264	1.394908	0.114386	7400.364746
11407.753303	1.355244	0.114386	8808.462891
11407.754337	1.317107	0.114386	10170.351562
11407.755225	0.836957	0.114386	10913.569336
11407.756147	0.100378	0.114386	11006.118164
11407.757201	0.084756	0.114386	11095.451172
11407.758134	0.084642	0.114386	11174.422852
11407.758992	0.084749	0.114386	11247.136719
11407.760001	0.084825	0.114386	11332.725586
11407.761042	0.084716	0.114386	11420.914062
11407.761932	0.084657	0.114386	11496.258789
11407.762867	0.084814	0.114386	11575.560547
11407.763927	0.084686	0.114386	11665.328125
11407.764867	0.084631	0.114386	11744.881836
11408.603681	1.115306	0.230293	569.921570
11408.604644	1.530040	0.230293	2043.350342
11408.605509	1.513228	0.230293	3352.292236
11408.606556	1.468132	0.230293	4889.426758
11408.607597	1.425264	0.230293	6373.125977
11408.608472	1.389071	0.230293	7588.563477
11408.609401	1.353219	0.230293	8845.704102
11408.610472	1.313983	0.230293	10252.980469
11408.611421	0.671202	0.230293	10889.951172
11408.612283	0.090681	0.230293	10968.118164
11408.613318	0.084694	0.230293	11055.776367
11408.614334	0.084609	0.230293	11141.739258
11408.615225	0.084653	0.230293	11217.165039
11408.616174	0.084796	0.230293	11297.636719
11408.617217	0.084814	0.230293	11386.098633
11408.618145	0.084664	0.230293	11464.666992
11408.619003	0.084708	0.230293	11537.346680
11408.620055	0.084811	0.230293	11626.567383
11408.621046	0.084730	0.230293	11710.535156
11409.771962	1.025647	0.120026	431.797363
11409.772949	1.523566	0.120026	1935.556641
11409.774014	1.508555	0.120026	3542.167480
11409.774920	1.468363	0.120026	4872.504395
11409.775787	1.430266	0.120026	6112.544922
11409.776914	1.386910	0.120026	7675.592773
11409.777886	1.349927	0.120026	8987.721680
11409.778753	1.317726	0.120026	10130.189453
11409.779787	0.688795	0.120026	10842.403320
11409.780824	0.087308	0.120026	10932.942383
11409.781699	0.084580	0.120026	11006.950195
11409.782623	0.084778	0.120026	11085.285156
11409.783683	0.084807	0.120026	11175.180664
11409.784620	0.084675	0.120026	11254.521484
11409.785480	0.084708	0.120026	11327.370117
11409.786527	0.084818	0.120026	11416.174805
11409.787556	0.084675	0.120026	11503.305664
11409.788425	0.084672	0.120026	11576.885742
11409.789366	0.084818	0.120026	11656.699219
11410.644425	1.036154	0.218176	450.726807
11410.645289	1.521804	0.218176	1765.565674
11410.646315	1.513923	0.218176	3318.851074
11410.647359	1.469425	0.218176	4852.930664
11410.648248	1.431819	0.218176	6125.817383
11410.649168	1.393923	0.218176	7408.226562
11410.650253	1.352834	0.218176	8876.051758
11410.651207	1.317751	0.218176	10133.186523
11410.652075	0.890230	0.218176	10905.906250
11410.653104	0.094054	0.218176	11002.687500
11410.654118	0.084617	0.218176	11088.489258
11410.655006	0.084672	0.218176	11163.677734
11410.655946	0.084789	0.218176	11243.378906
11410.656994	0.084661	0.218176	11332.103516
11410.657916	0.084657	0.218176	11410.157227
11410.658786	0.084657	0.218176	11483.808594
11410.659831	0.084752	0.218176	11572.375000
11410.660845	0.084606	0.218176	11658.165039
11410.661734	0.084628	0.218176	11733.399414
11411.796547	1.156813	0.121810	650.128723
11411.797545	1.532043	0.121810	2179.108154
11411.798439	1.508873	0.121810	3528.040771
11411.799305	1.469542	0.121810	4800.664551
11411.800397	1.425930	0.121810	6357.780273
11411.801309	1.388712	0.121810	7624.285645
11411.802193	1.354958	0.121810	8822.068359
11411.803205	1.318066	0.121810	10155.951172
11411.804197	0.730375	0.121810	10880.482422
11411.805083	0.092527	0.121810	10962.460937
11411.805938	0.084642	0.121810	11034.830078
11411.807019	0.084708	0.121810	11126.399414
11411.807921	0.084631	0.121810	11202.737305
11411.808786	0.084701	0.121810	11276.003906
11411.809761	0.084792	0.121810	11358.676758
11411.810767	0.084683	0.121810	11443.867187
11411.811657	0.084723	0.121810	11519.270508
11411.812520	0.084716	0.121810	11592.379883
11411.813584	0.084771	0.121810	11682.576172
11412.683270	1.096659	0.210155	548.329468
11412.684229	1.530081	0.210155	2015.676758
11412.685103	1.513755	0.210155	3338.698486
11412.686140	1.468777	0.210155	4861.820312
11412.687186	1.425524	0.210155	6352.917969
11412.688086	1.388910	0.210155	7602.937012
11412.689021	1.353142	0.210155	8868.125000
11412.690097	1.313423	0.210155	10281.368164
11412.691043	0.650863	0.210155	10897.084961
11412.691904	0.090081	0.210155	10974.644531
11412.692954	0.084686	0.210155	11063.565430
11412.693970	0.084675	0.210155	11149.595703
11412.694851	0.084639	0.210155	11224.162109
11412.695828	0.084767	0.210155	11306.979492
11412.696865	0.084749	0.210155	11394.863281
11412.697790	0.084774	0.210155	11473.279297
11412.698648	0.084705	0.210155	11545.956055
11412.699704	0.084814	0.210155	11635.520508
11412.700698	0.084807	0.210155	11719.818359
11413.821878	1.033520	0.129738	435.112122
11413.822946	1.528491	0.129738	2067.540771
11413.823955	1.506658	0.129738	3587.758301
11413.824848	1.467924	0.129738	4898.614258
11413.825820	1.427835	0.129738	6286.469238
11413.826869	1.385654	0.129738	7740.020508
11413.827779	1.350604	0.129738	8969.070312
11413.828647	1.317257	0.129738	10112.449219
11413.829761	0.623265	0.129738	10806.766602
11413.830736	0.086631	0.129738	10891.231445
11413.831597	0.084694	0.129738	10964.152344
11413.832695	0.084811	0.129738	11057.274414
11413.833729	0.084763	0.129738	11144.919922
11413.834619	0.084730	0.129738	11220.330078
11413.835539	0.084792	0.129738	11298.338867
11413.836599	0.084836	0.129738	11388.265625
11413.837538	0.084708	0.129738	11467.806641
11413.838397	0.084708	0.129738	11540.571289
11413.839436	0.084774	0.129738	11628.651367
11414.717887	1.034707	0.211263	440.785217
11414.718835	1.521368	0.211263	1883.042480
11414.719913	1.508441	0.211263	3509.142090
11414.720856	1.467513	0.211263	4893.007324
11414.721727	1.430658	0.211263	6139.110352
11414.722772	1.388785	0.211263	7590.391113
11414.723792	1.349938	0.211263	8967.327148
11414.724687	1.317037	0.211263	10146.075195
11414.725670	0.738007	0.211263	10871.535156
11414.726722	0.088173	0.211263	10964.292969
11414.727644	0.084620	0.211263	11042.312500
11414.728507	0.084650	0.211263	11115.365234
11414.729594	0.084767	0.211263	11207.506836
11414.730595	0.084716	0.211263	11292.306641
11414.731491	0.084683	0.211263	11368.182617
11414.732477	0.084785	0.211263	11451.781250
11414.733530	0.084792	0.211263	11541.067383
11414.734417	0.084686	0.211263	11616.184570
11414.735274	0.084730	0.211263	11688.798828
11415.850457	1.071368	0.134330	478.901703
11415.851337	1.524265	0.134330	1820.255127
11415.852322	1.514183	0.134330	3311.725830
11415.853380	1.468982	0.134330	4865.908691
11415.854288	1.430662	0.134330	6164.949219
11415.855161	1.393748	0.134330	7381.690918
11415.856271	1.352483	0.134330	8882.947266
11415.857239	1.317169	0.134330	10157.966797
11415.858113	0.871315	0.134330	10919.496094
11415.859156	0.093472	0.134330	11016.987305
11415.860191	0.084734	0.134330	11104.686523
11415.861080	0.084701	0.134330	11179.985352
11415.861974	0.084767	0.134330	11255.766602
11415.863047	0.084829	0.134330	11346.788086
11415.863993	0.084679	0.134330	11426.894531
11415.864857	0.084694	0.134330	11500.069336
11415.865884	0.084763	0.134330	11587.121094
11415.866903	0.084752	0.134330	11673.483398
11415.867782	0.084719	0.134330	11747.951172
11416.751545	1.034605	0.210901	437.637726
11416.752615	1.528059	0.210901	2072.660889
11416.753622	1.506647	0.210901	3589.854004
11416.754510	1.468114	0.210901	4893.539062
11416.755498	1.427347	0.210901	6303.758301
11416.756543	1.385493	0.210901	7751.598633
11416.757453	1.350223	0.210901	8980.301758
11416.758314	1.317367	0.210901	10114.554687
11416.759406	0.654514	0.210901	10829.284180
11416.760410	0.086587	0.210901	10916.217773
11416.761284	0.084705	0.210901	10990.250000
11416.762262	0.084796	0.210901	11073.180664
11416.763317	0.084789	0.210901	11162.632812
11416.764216	0.084690	0.210901	11238.769531
11416.765078	0.084679	0.210901	11311.762695
11416.766178	0.084708	0.210901	11404.941406
11416.767133	0.084617	0.210901	11485.750000
11416.768000	0.084756	0.210901	11559.233398
11416.769056	0.084774	0.210901	11648.754883
11417.884105	1.035077	0.134782	451.293549
11417.884969	1.521768	0.134782	1766.100830
11417.885996	1.514202	0.134782	3321.186035
11417.886965	1.471417	0.134782	4746.989258
11417.887884	1.433408	0.134782	6064.291504
11417.888760	1.396113	0.134782	7287.286621
11417.889862	1.355735	0.134782	8781.306641
11417.890764	1.321655	0.134782	9973.439453
11417.891647	1.021765	0.134782	10875.658203
11417.892645	0.117839	0.134782	10993.261719
11417.893639	0.084657	0.134782	11077.411133
11417.894529	0.084760	0.134782	11152.846680
11417.895389	0.084712	0.134782	11225.699219
11417.896487	0.084749	0.134782	11318.752930
11417.897395	0.084686	0.134782	11395.648437
11417.898269	0.084657	0.134782	11469.638672
11417.899279	0.084730	0.134782	11555.215820
11417.900275	0.084646	0.134782	11639.523437
11417.901165	0.084675	0.134782	11714.884766
11418.783220	1.080128	0.213140	517.381409
11418.784099	1.525715	0.213140	1858.485107
11418.784962	1.518014	0.213140	3168.531250
11418.785998	1.473570	0.213140	4695.150391
11418.786963	1.433174	0.213140	6078.163086
11418.787841	1.397487	0.213140	7305.156250
11418.788734	1.361949	0.213140	8521.376953
11418.789834	1.322952	0.213140	9976.624023
11418.790705	1.041057	0.213140	10883.384766
11418.791575	0.134938	0.213140	11000.780273
11418.792590	0.084774	0.213140	11086.826172
11418.793567	0.084730	0.213140	11169.607422
11418.794446	0.084668	0.213140	11244.030273
11418.795303	0.084712	0.213140	11316.627930
11418.796415	0.084796	0.213140	11410.920898
11418.797318	0.084569	0.213140	11487.287109
11418.798191	0.084712	0.213140	11561.240234
11418.799213	0.084851	0.213140	11647.958008
11418.800191	0.084712	0.213140	11730.806641
11419.917791	1.056914	0.138625	475.611298
11419.918665	1.523848	0.138625	1807.454224
11419.919558	1.517886	0.138625	3162.926270
11419.920518	1.476958	0.138625	4580.806152
11419.921425	1.438176	0.138625	5885.231934
11419.922316	1.402405	0.138625	7134.774414
11419.923248	1.366340	0.138625	8408.203125
11419.924198	1.330796	0.138625	9672.458984
11419.925095	1.228066	0.138625	10774.034180
11419.926042	0.217690	0.138625	10980.187500
11419.927008	0.084562	0.138625	11061.874023
11419.927927	0.084635	0.138625	11139.653320
11419.928805	0.084741	0.138625	11214.055664
11419.929753	0.084727	0.138625	11294.375977
11419.930680	0.084767	0.138625	11372.955078
11419.931591	0.084705	0.138625	11450.121094
11419.932447	0.084778	0.138625	11522.691406
11419.933470	0.084576	0.138625	11609.212891
11419.934388	0.084635	0.138625	11686.908203
11420.811714	1.039296	0.216218	446.897125
11420.812577	1.521361	0.216218	1759.831787
11420.813592	1.515088	0.216218	3297.645996
11420.814497	1.475171	0.216218	4632.675781
11420.815387	1.437847	0.216218	5912.359375
11420.816328	1.400394	0.216218	7230.130371
11420.817275	1.363440	0.216218	8521.307617
11420.818204	1.328481	0.216218	9755.466797
11420.819089	1.190522	0.216218	10809.079102
11420.820030	0.163810	0.216218	10963.224609
11420.820968	0.084591	0.216218	11042.571289
11420.821894	0.084752	0.216218	11121.051758
11420.822756	0.084701	0.216218	11194.063477
11420.823725	0.084708	0.216218	11276.145508
11420.824633	0.084690	0.216218	11353.043945
11420.825510	0.084716	0.216218	11427.339844
11420.826518	0.084741	0.216218	11512.758789
11420.827457	0.084675	0.216218	11592.268555
11420.828377	0.084723	0.216218	11670.213867
11421.956536	1.031982	0.135817	434.464600
11421.957520	1.526283	0.135817	1936.327026
11421.958463	1.513682	0.135817	3363.729004
11421.959349	1.474724	0.135817	4670.334473
11421.960260	1.437268	0.135817	5979.685547
11421.961198	1.398157	0.135817	7291.156738
11421.962142	1.361821	0.135817	8576.715820
11421.963021	1.329247	0.135817	9745.124023
11421.963938	1.122385	0.135817	10774.351562
11421.964913	0.153505	0.135817	10924.018555
11421.965809	0.084536	0.135817	10999.762695
11421.966716	0.084730	0.135817	11076.613281
11421.967663	0.084664	0.135817	11156.790039
11421.968586	0.084730	0.135817	11234.996094
11421.969459	0.084675	0.135817	11308.917969
11421.970415	0.084771	0.135817	11389.958984
11421.971354	0.084664	0.135817	11469.458984
11421.972294	0.084741	0.135817	11549.115234
11421.973157	0.084701	0.135817	11622.211914
11422.839240	1.040966	0.224174	453.860992
11422.840102	1.521885	0.224174	1765.725708
11422.841065	1.516443	0.224174	3226.060059
11422.842015	1.475519	0.224174	4627.802734
11422.842909	1.437869	0.224174	5913.257324
11422.843821	1.401361	0.224174	7191.298828
11422.844769	1.364377	0.224174	8484.728516
11422.845700	1.329155	0.224174	9722.171875
11422.846593	1.206163	0.224174	10799.275391
11422.847532	0.180820	0.224174	10969.065430
11422.848478	0.084642	0.224174	11049.136719
11422.849395	0.084686	0.224174	11126.793945
11422.850254	0.084760	0.224174	11199.602539
11422.851197	0.084771	0.224174	11279.541016
11422.852149	0.084785	0.224174	11360.256836
11422.853043	0.084639	0.224174	11435.923828
11422.853925	0.084646	0.224174	11510.582031
11422.854874	0.084708	0.224174	11590.969727
11422.855798	0.084734	0.224174	11669.263672
11423.994361	1.073079	0.131124	508.639221
11423.995276	1.527272	0.131124	1906.092773
11423.996168	1.515740	0.131124	3258.132568
11423.997085	1.476683	0.131124	4612.250977
11423.998021	1.435979	0.131124	5956.327148
11423.998955	1.398600	0.131124	7262.619141
11423.999824	1.364227	0.131124	8448.132812
11424.000800	1.328591	0.131124	9744.837891
11424.001764	1.114340	0.131124	10819.061523
11424.002640	0.158734	0.131124	10958.112305
11424.003549	0.084569	0.131124	11034.985352
11424.004512	0.084628	0.131124	11116.481445
11424.005434	0.084697	0.131124	11194.572266
11424.006309	0.084738	0.131124	11268.717773
11424.007238	0.084705	0.131124	11347.408203
11424.008183	0.084705	0.131124	11427.454102
11424.009107	0.084708	0.131124	11505.724609
11424.009967	0.084741	0.131124	11578.601562
11424.010945	0.084719	0.131124	11661.457031
11424.867847	1.071002	0.225475	534.430054
11424.868910	1.530055	0.225475	2160.878418
11424.869837	1.507515	0.225475	3558.344482
11424.870702	1.469015	0.225475	4829.042480
11424.871759	1.425568	0.225475	6335.867187
11424.872772	1.384973	0.225475	7738.844727
11424.873651	1.351267	0.225475	8926.608398
11424.874623	1.316228	0.225475	10205.982422
11424.875694	0.585124	0.225475	10832.650391
11424.876604	0.086942	0.225475	10911.767578
11424.877460	0.084646	0.225475	10984.224609
11424.878512	0.084730	0.225475	11073.360352
11424.879515	0.084661	0.225475	11158.275391
11424.880402	0.084760	0.225475	11233.457031
11424.881376	0.084752	0.225475	11316.005859
11424.882420	0.084767	0.225475	11404.502930
11424.883327	0.084686	0.225475	11481.313477
11424.884187	0.084749	0.225475	11554.197266
11424.885265	0.084723	0.225475	11645.528320
11426.029080	1.103899	0.131269	567.404053
11426.029960	1.528341	0.131269	1912.344238
11426.030839	1.514722	0.131269	3243.784668
11426.031959	1.468055	0.131269	4888.006836
11426.032923	1.428054	0.131269	6264.650879
11426.033799	1.392316	0.131269	7484.319336
11426.034851	1.352113	0.131269	8906.742187
11426.035891	1.314064	0.131269	10273.368164
11426.036788	0.717440	0.131269	10916.912109
11426.037731	0.092552	0.131269	11004.189453
11426.038778	0.084705	0.131269	11092.875000
11426.039711	0.084785	0.131269	11171.979492
11426.040571	0.084694	0.131269	11244.816406
11426.041631	0.084785	0.131269	11334.688477
11426.042632	0.084708	0.131269	11419.481445
11426.043512	0.084712	0.131269	11494.028320
11426.044476	0.084847	0.131269	11575.821289
11426.045528	0.084800	0.131269	11665.030273
11426.046447	0.084705	0.131269	11742.874023
11426.895395	1.120789	0.235872	574.964539
11426.896320	1.529583	0.235872	1989.828369
11426.897188	1.513766	0.235872	3303.777100
11426.898256	1.468531	0.235872	4872.168945
11426.899260	1.426619	0.235872	6304.494141
11426.900144	1.390917	0.235872	7534.064453
11426.901137	1.353589	0.235872	8878.177734
11426.902196	1.314177	0.235872	10269.891602
11426.903108	0.708981	0.235872	10916.482422
11426.903967	0.092296	0.235872	10995.764648
11426.905046	0.084738	0.235872	11087.196289
11426.906027	0.084690	0.235872	11170.277344
11426.906904	0.084738	0.235872	11244.591797
11426.907892	0.084880	0.235872	11328.453125
11426.908943	0.084807	0.235872	11417.584961
11426.909840	0.084749	0.235872	11493.604492
11426.910704	0.084760	0.235872	11566.836914
11426.911788	0.084877	0.235872	11658.843750
11426.912753	0.084617	0.235872	11740.499023
11428.063673	1.030745	0.127019	437.035736
11428.064711	1.527587	0.127019	2022.670654
11428.065738	1.507233	0.127019	3570.598633
11428.066634	1.468400	0.127019	4886.284668
11428.067593	1.428809	0.127019	6256.512207
11428.068637	1.386423	0.127019	7703.938477
11428.069564	1.351179	0.127019	8956.481445
11428.070432	1.318308	0.127019	10100.773437
11428.071516	0.665651	0.127019	10822.338867
11428.072512	0.086799	0.127019	10908.791016
11428.073405	0.084628	0.127019	10984.363281
11428.074382	0.084847	0.127019	11067.258789
11428.075449	0.084701	0.127019	11157.634766
11428.076355	0.084672	0.127019	11234.347656
11428.077219	0.084771	0.127019	11307.589844
11428.078309	0.084781	0.127019	11400.001953
11428.079292	0.084708	0.127019	11483.270508
11428.080172	0.084672	0.127019	11557.781250
11428.081173	0.084840	0.127019	11642.706055
11428.925897	1.052541	0.232416	459.960632
11428.926781	1.523405	0.232416	1806.650391
11428.927799	1.513510	0.232416	3347.403076
11428.928853	1.468444	0.232416	4895.142578
11428.929747	1.430343	0.232416	6173.869141
11428.930666	1.393378	0.232416	7454.383301
11428.931740	1.352358	0.232416	8906.816406
11428.932686	1.317308	0.232416	10152.990234
11428.933555	0.880587	0.232416	10918.220703
11428.934607	0.093918	0.232416	11017.022461
11428.935627	0.084587	0.232416	11103.301758
11428.936512	0.084727	0.232416	11178.285156
11428.937466	0.084767	0.232416	11259.152344
11428.938500	0.084803	0.232416	11346.838867
11428.939415	0.084686	0.232416	11424.327148
11428.940281	0.084756	0.232416	11497.725586
11428.941307	0.084752	0.232416	11584.681641
11428.942319	0.084719	0.232416	11670.417969
11428.943203	0.084741	0.232416	11745.329102
11430.097450	1.100017	0.127305	588.509155
11430.098496	1.530806	0.127305	2189.731934
11430.099412	1.507317	0.127305	3570.434082
11430.100277	1.468286	0.127305	4840.501465
11430.101356	1.424905	0.127305	6377.973633
11430.102347	1.384951	0.127305	7750.460449
11430.103225	1.351344	0.127305	8936.940430
11430.104197	1.315254	0.127305	10215.367187
11430.105262	0.582605	0.127305	10835.841797
11430.106153	0.087118	0.127305	10913.463867
11430.107018	0.084694	0.127305	10986.723633
11430.108118	0.084976	0.127305	11080.197266
11430.109082	0.084781	0.127305	11161.926758
11430.109964	0.084719	0.127305	11236.649414
11430.110963	0.084851	0.127305	11321.416016
11430.112015	0.084866	0.127305	11410.694336
11430.112901	0.084745	0.127305	11485.778320
11430.113774	0.084840	0.127305	11559.843750
11430.114859	0.084858	0.127305	11651.915039
11430.955513	1.103621	0.239067	535.256042
11430.956408	1.526971	0.239067	1901.895508
11430.957377	1.513044	0.239067	3368.035645
11430.958439	1.467063	0.239067	4926.056641
11430.959357	1.428567	0.239067	6237.480957
11430.960227	1.392437	0.239067	7448.900879
11430.961319	1.351659	0.239067	8924.912109
11430.962315	1.314697	0.239067	10234.350586
11430.963212	0.767831	0.239067	10923.094727
11430.964217	0.092743	0.239067	11016.301758
11430.965265	0.084796	0.239067	11105.167969
11430.966148	0.084781	0.239067	11180.030273
11430.967022	0.084840	0.239067	11254.180664
11430.968113	0.084785	0.239067	11346.681641
11430.969073	0.084792	0.239067	11428.082031
11430.969932	0.084822	0.239067	11500.944336
11430.970971	0.084847	0.239067	11589.100586
11430.972001	0.084741	0.239067	11676.383789
11430.972873	0.084646	0.239067	11750.195312
11432.132085	1.090203	0.124787	511.305054
11432.132965	1.525734	0.124787	1853.950684
11432.133844	1.517871	0.124787	3188.159180
11432.134832	1.475881	0.124787	4646.330078
11432.135774	1.435236	0.124787	5998.322266
11432.136694	1.398490	0.124787	7284.933105
11432.137570	1.363890	0.124787	8479.701172
11432.138612	1.325966	0.124787	9861.357422
11432.139507	1.104965	0.124787	10850.300781
11432.140384	0.153204	0.124787	10984.661133
11432.141333	0.084635	0.124787	11064.979492
11432.142318	0.084749	0.124787	11148.457031
11432.143246	0.084774	0.124787	11227.127930
11432.144110	0.084752	0.124787	11300.353516
11432.145115	0.084646	0.124787	11385.422852
11432.146006	0.084705	0.124787	11460.894531
11432.146927	0.084697	0.124787	11538.900391
11432.147786	0.084730	0.124787	11611.683594
11432.148824	0.084712	0.124787	11699.614258
11432.989126	1.042767	0.235437	453.603760
11432.989992	1.521548	0.235437	1771.264160
11432.991089	1.510723	0.235437	3428.526855
11432.992085	1.467528	0.235437	4890.184570
11432.992979	1.430365	0.235437	6168.930664
11432.993979	1.390441	0.235437	7559.371094
11432.995023	1.350721	0.235437	8969.524414
11432.995921	1.316898	0.235437	10152.098633
11432.996805	0.818514	0.235437	10875.665039
11432.997897	0.090007	0.235437	10973.953125
11432.998861	0.084628	0.235437	11055.534180
11432.999722	0.084653	0.235437	11128.420898
11433.000772	0.084778	0.235437	11217.437500
11433.001804	0.084745	0.235437	11304.894531
11433.002682	0.084708	0.235437	11379.268555
11433.003594	0.084690	0.235437	11456.505859
11433.004658	0.084767	0.235437	11546.698242
11433.005593	0.084719	0.235437	11625.911133
11433.006456	0.084705	0.235437	11699.010742
11434.163768	1.124172	0.123043	618.294800
11434.164822	1.531106	0.123043	2232.080566
11434.165731	1.506654	0.123043	3601.628906
11434.166594	1.467209	0.123043	4867.830566
11434.167683	1.423550	0.123043	6418.076172
11434.168688	1.383182	0.123043	7808.174316
11434.169576	1.349451	0.123043	9006.486328
11434.170599	1.312368	0.123043	10349.039062
11434.171651	0.483080	0.123043	10857.239258
11434.172527	0.086078	0.123043	10932.643555
11434.173411	0.084716	0.123043	11007.532227
11434.174488	0.084796	0.123043	11098.857422
11434.175444	0.084690	0.123043	11179.821289
11434.176312	0.084701	0.123043	11253.341797
11434.177324	0.084844	0.123043	11339.204102
11434.178368	0.084686	0.123043	11427.616211
11434.179253	0.084694	0.123043	11502.570312
11434.180177	0.084800	0.123043	11580.925781
11434.181244	0.084796	0.123043	11671.403320
11435.021794	1.077437	0.242728	496.698242
11435.022670	1.524551	0.242728	1832.204712
11435.023650	1.514352	0.242728	3316.269531
11435.024705	1.468828	0.242728	4865.883301
11435.025625	1.430032	0.242728	6181.512695
11435.026495	1.393693	0.242728	7394.025391
11435.027590	1.352816	0.242728	8875.359375
11435.028581	1.316063	0.242728	10179.578125
11435.029478	0.820210	0.242728	10915.306641
11435.030473	0.095640	0.242728	11010.467773
11435.031521	0.084723	0.242728	11099.257812
11435.032410	0.084668	0.242728	11174.527344
11435.033280	0.084774	0.242728	11248.281250
11435.034362	0.084738	0.242728	11339.966797
11435.035324	0.084712	0.242728	11421.459961
11435.036183	0.084778	0.242728	11494.284180
11435.037238	0.084884	0.242728	11583.836914
11435.038273	0.084734	0.242728	11671.536133
11435.039155	0.084741	0.242728	11746.278320
11436.194332	1.114757	0.127655	566.296570
11436.195282	1.530150	0.127655	2019.939209
11436.196145	1.513986	0.127655	3326.508789
11436.197198	1.468876	0.127655	4873.234863
11436.198219	1.426084	0.127655	6329.266602
11436.199111	1.390118	0.127655	7569.251953
11436.200063	1.353959	0.127655	8858.220703
11436.201129	1.314683	0.127655	10259.671875
11436.202060	0.692860	0.127655	10904.724609
11436.202918	0.091729	0.127655	10983.427734
11436.203980	0.084741	0.127655	11073.422852
11436.204995	0.084639	0.127655	11159.331055
11436.205863	0.084683	0.127655	11232.835937
11436.206815	0.084752	0.127655	11313.520508
11436.207870	0.084851	0.127655	11403.038086
11436.208784	0.084646	0.127655	11480.404297
11436.209654	0.084679	0.127655	11554.075195
11436.210721	0.084906	0.127655	11644.669922
11436.211720	0.084701	0.127655	11729.286133
11437.056476	1.054113	0.238664	482.783539
11437.057560	1.529268	0.238664	2140.509521
11437.058506	1.507566	0.238664	3566.666992
11437.059370	1.469425	0.238664	4836.250000
11437.060393	1.426443	0.238664	6295.500977
11437.061458	1.384951	0.238664	7770.474121
11437.062332	1.350644	0.238664	8950.937500
11437.063277	1.315869	0.238664	10194.433594
11437.064353	0.582935	0.238664	10821.670898
11437.065279	0.086689	0.238664	10901.945312
11437.066147	0.084635	0.238664	10975.408203
11437.067213	0.084701	0.238664	11065.699219
11437.068218	0.084664	0.238664	11150.787109
11437.069108	0.084694	0.238664	11226.164062
11437.070068	0.084803	0.238664	11307.575195
11437.071114	0.084785	0.238664	11396.260742
11437.072035	0.084723	0.238664	11474.291016
11437.072896	0.084679	0.238664	11547.199219
11437.073948	0.084778	0.238664	11636.385742
11438.222775	1.033048	0.128993	434.913208
11438.223861	1.529432	0.128993	2095.876709
11438.224854	1.506918	0.128993	3592.246094
11438.225750	1.467931	0.128993	4907.512207
11438.226729	1.427501	0.128993	6305.036133
11438.227786	1.385233	0.128993	7769.227539
11438.228684	1.350487	0.128993	8981.964844
11438.229544	1.317528	0.128993	10115.039062
11438.230632	0.652042	0.128993	10824.460937
11438.231621	0.086913	0.128993	10910.417969
11438.232496	0.084576	0.128993	10984.421875
11438.233496	0.084778	0.128993	11069.199219
11438.234547	0.084741	0.128993	11158.262695
11438.235415	0.084741	0.128993	11231.818359
11438.236291	0.084763	0.128993	11306.071289
11438.237391	0.084811	0.128993	11399.363281
11438.238350	0.084701	0.128993	11480.591797
11438.239215	0.084679	0.128993	11553.838867
11438.240231	0.084756	0.128993	11639.951172
11439.092172	1.041134	0.230724	456.016693
11439.093037	1.522079	0.230724	1772.614990
11439.094096	1.512671	0.230724	3374.533447
11439.095034	1.471941	0.230724	4755.213867
11439.095903	1.435089	0.230724	6002.306152
11439.096851	1.397153	0.230724	7326.807617
11439.097893	1.356599	0.230724	8740.383789
11439.098798	1.323164	0.230724	9937.847656
11439.099667	1.060514	0.230724	10859.434570
11439.100702	0.113456	0.230724	10976.861328
11439.101654	0.084642	0.230724	11057.440430
11439.102529	0.084708	0.230724	11131.560547
11439.103432	0.084781	0.230724	11208.118164
11439.104510	0.084694	0.230724	11299.417969
11439.105399	0.084723	0.230724	11374.736328
11439.106261	0.084668	0.230724	11447.719727
11439.107300	0.084866	0.230724	11535.895508
11439.108259	0.084679	0.230724	11617.102539
11439.109131	0.084646	0.230724	11690.914062
11440.250433	1.156498	0.134508	647.638733
11440.251411	1.531534	0.134508	2145.479492
11440.252344	1.508383	0.134508	3552.800293
11440.253211	1.468854	0.134508	4826.296387
11440.254320	1.424846	0.134508	6406.450684
11440.255230	1.387778	0.134508	7669.329102
11440.256103	1.354354	0.134508	8851.680664
11440.257157	1.315378	0.134508	10238.089844
11440.258148	0.660674	0.134508	10892.817383
11440.259016	0.089934	0.134508	10970.879883
11440.259898	0.084756	0.134508	11045.634766
11440.260985	0.084749	0.134508	11137.756836
11440.261867	0.084719	0.134508	11212.479492
11440.262729	0.084679	0.134508	11285.472656
11440.263592	0.084708	0.134508	11358.576172
11440.264656	0.084745	0.134508	11448.745117
11440.265553	0.084708	0.134508	11524.728516
11440.266425	0.084730	0.134508	11598.613281
11440.267407	0.084818	0.134508	11681.904297
11441.128943	1.095575	0.225475	511.633514
11441.129838	1.525887	0.225475	1877.302856
11441.130699	1.516626	0.225475	3183.117676
11441.131697	1.475314	0.225475	4655.480469
11441.132597	1.436602	0.225475	5948.421875
11441.133491	1.400691	0.225475	7200.639648
11441.134434	1.364359	0.225475	8487.230469
11441.135393	1.328635	0.225475	9761.391602
11441.136325	1.152810	0.225475	10835.810547
11441.137204	0.171072	0.225475	10986.182617
11441.138170	0.084510	0.225475	11067.819336
11441.139089	0.084708	0.225475	11145.666016
11441.140016	0.084657	0.225475	11224.142578
11441.140875	0.084675	0.225475	11296.878906
11441.141846	0.084617	0.225475	11379.041992
11441.142762	0.084727	0.225475	11456.651367
11441.143623	0.084639	0.225475	11529.525391
11441.144607	0.084639	0.225475	11612.809570
11441.145533	0.084708	0.225475	11691.249023
11442.279896	1.076473	0.133460	484.413055
11442.280786	1.525115	0.133460	1841.765259
11442.281702	1.516494	0.133460	3230.874023
11442.282669	1.475021	0.133460	4657.219238
11442.283600	1.436210	0.133460	5994.330566
11442.284471	1.400229	0.133460	7213.930664
11442.285444	1.363118	0.133460	8540.244141
11442.286402	1.327830	0.133460	9812.304687
11442.287295	1.153385	0.133460	10842.277344
11442.288227	0.173778	0.133460	11004.238281
11442.289155	0.084595	0.133460	11082.742187
11442.290078	0.084657	0.133460	11160.880859
11442.290970	0.084749	0.133460	11236.476562
11442.291884	0.084686	0.133460	11313.879883
11442.292846	0.084719	0.133460	11395.379883
11442.293763	0.084664	0.133460	11473.016602
11442.294636	0.084694	0.133460	11546.954102
11442.295600	0.084690	0.133460	11628.594727
11442.296515	0.084756	0.133460	11706.146484
11443.164635	1.045261	0.229395	473.503296
11443.165581	1.526924	0.229395	1917.973145
11443.166506	1.514055	0.229395	3318.474121
11443.167388	1.475716	0.229395	4620.056152
11443.168303	1.436371	0.229395	5934.335449
11443.169260	1.397882	0.229395	7272.108398
11443.170191	1.362177	0.229395	8540.294922
11443.171074	1.328925	0.229395	9713.735352
11443.172033	1.142267	0.229395	10809.168945
11443.172977	0.151110	0.229395	10951.816406
11443.173879	0.084558	0.229395	11028.087891
11443.174739	0.084749	0.229395	11100.971680
11443.175699	0.084694	0.229395	11182.277344
11443.176645	0.084708	0.229395	11262.411133
11443.177525	0.084646	0.229395	11336.899414
11443.178455	0.084694	0.229395	11415.664062
11443.179381	0.084716	0.229395	11494.110352
11443.180305	0.084723	0.229395	11572.394531
11443.181180	0.084771	0.229395	11646.568359
11444.308411	1.029990	0.137730	438.775879
11444.309390	1.522328	0.137730	1929.134888
11444.310454	1.508628	0.137730	3534.314941
11444.311368	1.468341	0.137730	4876.378906
11444.312235	1.431013	0.137730	6117.067383
11444.313326	1.388137	0.137730	7631.525391
11444.314324	1.349751	0.137730	8978.577148
11444.315226	1.316818	0.137730	10166.346680
11444.316229	0.696196	0.137730	10864.631836
11444.317279	0.087059	0.137730	10956.043945
11444.318164	0.084642	0.137730	11030.952148
11444.319048	0.084708	0.137730	11105.833984
11444.320132	0.084756	0.137730	11197.708984
11444.321082	0.084672	0.137730	11278.147461
11444.321940	0.084723	0.137730	11350.839844
11444.322968	0.084829	0.137730	11438.043945
11444.324006	0.084727	0.137730	11525.990234
11444.324883	0.084745	0.137730	11600.311523
11444.325797	0.084723	0.137730	11677.748047
11445.199285	1.044965	0.228996	439.930084
11445.200373	1.529359	0.228996	2103.873047
11445.201287	1.509745	0.228996	3483.779785
11445.202168	1.471531	0.228996	4780.198242
11445.203168	1.430046	0.228996	6210.244629
11445.204177	1.388954	0.228996	7611.699219
11445.205075	1.354684	0.228996	8828.205078
11445.205944	1.321329	0.228996	9976.440430
11445.207048	0.772958	0.228996	10829.786133
11445.207958	0.092271	0.228996	10913.751953
11445.208839	0.084602	0.228996	10988.286133
11445.209830	0.084888	0.228996	11072.410156
11445.210823	0.084628	0.228996	11156.445312
11445.211701	0.084646	0.228996	11230.764648
11445.212556	0.084631	0.228996	11303.124023
11445.213629	0.084749	0.228996	11394.059570
11445.214547	0.084679	0.228996	11471.794922
11445.215412	0.084657	0.228996	11545.023437
11445.216380	0.084781	0.228996	11627.091797
11446.339025	1.049674	0.138310	462.906311
11446.339900	1.523148	0.138310	1795.660889
11446.340851	1.516315	0.138310	3237.676270
11446.341791	1.476072	0.138310	4625.183594
11446.342680	1.438231	0.138310	5903.770996
11446.343549	1.401859	0.138310	7121.986328
11446.344550	1.363989	0.138310	8487.339844
11446.345498	1.328976	0.138310	9747.208984
11446.346395	1.184663	0.138310	10809.851562
11446.347329	0.188430	0.138310	10985.845703
11446.348277	0.084551	0.138310	11066.000000
11446.349145	0.084690	0.138310	11139.510742
11446.350006	0.084664	0.138310	11212.406250
11446.351032	0.084650	0.138310	11299.256836
11446.351956	0.084690	0.138310	11377.510742
11446.352844	0.084653	0.138310	11452.682617
11446.353784	0.084697	0.138310	11532.297852
11446.354715	0.084705	0.138310	11611.158203
11446.355646	0.084730	0.138310	11690.041992
11447.232984	1.058547	0.225100	471.053589
11447.233860	1.523675	0.225100	1805.793335
11447.234785	1.517190	0.225100	3209.194092
11447.235755	1.476053	0.225100	4640.965820
11447.236647	1.437887	0.225100	5923.561035
11447.237544	1.401134	0.225100	7180.378418
11447.238492	1.363319	0.225100	8472.804687
11447.239451	1.328207	0.225100	9746.554687
11447.240347	1.182001	0.225100	10805.626953
11447.241268	0.178861	0.225100	10970.358398
11447.242226	0.084668	0.225100	11051.470703
11447.243145	0.084701	0.225100	11129.310547
11447.244004	0.084727	0.225100	11202.090820
11447.244963	0.084701	0.225100	11283.319336
11447.245896	0.084686	0.225100	11362.332031
11447.246806	0.084756	0.225100	11439.459961
11447.247663	0.084734	0.225100	11512.077148
11447.248616	0.084778	0.225100	11592.870117
11447.249554	0.084822	0.225100	11672.432617
11448.370637	1.036370	0.139813	457.038971
11448.371501	1.522134	0.139813	1772.162598
11448.372523	1.514381	0.139813	3319.859863
11448.373575	1.469583	0.139813	4865.860840
11448.374458	1.431639	0.139813	6129.998535
11448.375361	1.394377	0.139813	7389.121094
11448.376442	1.353552	0.139813	8852.310547
11448.377391	1.318616	0.139813	10103.676758
11448.378271	0.909631	0.139813	10904.152344
11448.379278	0.097456	0.139813	11002.291016
11448.380303	0.084708	0.139813	11089.117187
11448.381193	0.084719	0.139813	11164.517578
11448.382137	0.084789	0.139813	11244.558594
11448.383191	0.084833	0.139813	11333.972656
11448.384131	0.084785	0.139813	11413.670898
11448.384991	0.084825	0.139813	11486.621094
11448.386048	0.084825	0.139813	11576.281250
11448.387056	0.084712	0.139813	11661.670898
11448.387943	0.084716	0.139813	11736.813477
11449.264585	1.047078	0.226998	455.478790
11449.265456	1.522485	0.226998	1781.563477
11449.266462	1.515242	0.226998	3305.896484
11449.267405	1.473772	0.226998	4695.663574
11449.268333	1.435093	0.226998	6027.429687
11449.269197	1.399043	0.226998	7236.202637
11449.270218	1.359906	0.226998	8624.666992
11449.271123	1.326486	0.226998	9825.136719
11449.272002	1.152012	0.226998	10837.754883
11449.272950	0.171742	0.226998	11000.566406
11449.273929	0.084606	0.226998	11083.395508
11449.274838	0.084705	0.226998	11160.391602
11449.275712	0.084712	0.226998	11234.429687
11449.276768	0.084756	0.226998	11323.931641
11449.277658	0.084705	0.226998	11399.318359
11449.278530	0.084719	0.226998	11473.193359
11449.279407	0.084778	0.226998	11547.543945
11449.280446	0.084796	0.226998	11635.647461
11449.281321	0.084771	0.226998	11709.821289
11450.405322	1.038120	0.132751	445.353546
11450.406287	1.522489	0.132751	1914.555420
11450.407234	1.513762	0.132751	3348.088135
11450.408135	1.473951	0.132751	4676.118164
11450.409017	1.436931	0.132751	5943.491211
11450.410038	1.396003	0.132751	7368.810547
11450.410942	1.360767	0.132751	8598.943359
11450.411823	1.328057	0.132751	9768.960937
11450.412716	1.093110	0.132751	10745.108398
11450.413736	0.130232	0.132751	10877.945312
11450.414644	0.084609	0.132751	10954.770508
11450.415525	0.084620	0.132751	11029.321289
11450.416534	0.084661	0.132751	11114.744141
11450.417453	0.084675	0.132751	11192.560547
11450.418364	0.084639	0.132751	11269.666016
11450.419221	0.084642	0.132751	11342.204102
11450.420239	0.084767	0.132751	11428.497070
11450.421137	0.084664	0.132751	11504.525391
11450.422012	0.084723	0.132751	11578.658203
11451.294217	1.116903	0.216597	551.750122
11451.295129	1.528063	0.216597	1945.343262
11451.296016	1.515282	0.216597	3289.398437
11451.296939	1.474742	0.216597	4650.585937
11451.297901	1.434701	0.216597	6030.768555
11451.298827	1.397435	0.216597	7324.793945
11451.299704	1.363037	0.216597	8520.177734
11451.300680	1.327595	0.216597	9815.910156
11451.301616	1.091686	0.216597	10837.728516
11451.302537	0.140984	0.216597	10967.574219
11451.303399	0.084609	0.216597	11040.507812
11451.304376	0.084694	0.216597	11123.253906
11451.305303	0.084679	0.216597	11201.750977
11451.306158	0.084664	0.216597	11274.138672
11451.307126	0.084745	0.216597	11356.171875
11451.308068	0.084708	0.216597	11435.966797
11451.308970	0.084705	0.216597	11512.370117
11451.309840	0.084642	0.216597	11586.008789
11451.310799	0.084745	0.216597	11667.279297
11452.444127	1.047997	0.126407	479.982574
11452.445028	1.525455	0.126407	1854.417725
11452.445900	1.517878	0.126407	3178.007812
11452.446863	1.475673	0.126407	4599.080566
11452.447825	1.436001	0.126407	5980.513672
11452.448714	1.400061	0.126407	7225.167969
11452.449708	1.362664	0.126407	8579.655273
11452.450622	1.327284	0.126407	9792.792969
11452.451538	1.126901	0.126407	10825.034180
11452.452411	0.164905	0.126407	10968.996094
11452.453378	0.084554	0.126407	11050.759766
11452.454301	0.084617	0.126407	11128.861328
11452.455218	0.084646	0.126407	11206.481445
11452.456088	0.084727	0.126407	11280.193359
11452.457056	0.084705	0.126407	11362.187500
11452.458003	0.084620	0.126407	11442.323242
11452.458890	0.084642	0.126407	11517.401367
11452.459757	0.084635	0.126407	11590.780273
11452.460710	0.084690	0.126407	11671.490234
11453.319704	1.102749	0.228730	554.682739
11453.320589	1.527349	0.228730	1906.386230
11453.321454	1.516813	0.228730	3218.429199
11453.322503	1.471615	0.228730	4762.153320
11453.323476	1.430995	0.228730	6154.511230
11453.324349	1.395212	0.228730	7372.531738
11453.325220	1.360155	0.228730	8557.226562
11453.326325	1.321333	0.228730	10017.299805
11453.327211	0.973839	0.228730	10880.121094
11453.328078	0.118791	0.228730	10983.113281
11453.329142	0.084701	0.228730	11073.235352
11453.330130	0.084631	0.228730	11156.851562
11453.331001	0.084675	0.228730	11230.603516
11453.331860	0.084679	0.228730	11303.342773
11453.332981	0.084661	0.228730	11398.247070
11453.333882	0.084675	0.228730	11474.539062
11453.334744	0.084690	0.228730	11547.541992
11453.335826	0.084730	0.228730	11639.219727
11453.336797	0.084639	0.228730	11721.404297
11454.483900	1.026698	0.125476	432.239868
11454.484844	1.521284	0.125476	1868.332031
11454.485896	1.510316	0.125476	3457.184570
11454.486833	1.469634	0.125476	4834.231445
11454.487704	1.432786	0.125476	6082.187500
11454.488763	1.390280	0.125476	7554.493652
11454.489786	1.351249	0.125476	8936.821289
11454.490680	1.318268	0.125476	10115.352539
11454.491640	0.789159	0.125476	10872.945312
11454.492685	0.089568	0.125476	10966.543945
11454.493610	0.084609	0.125476	11044.807617
11454.494472	0.084694	0.125476	11117.813477
11454.495545	0.084785	0.125476	11208.788086
11454.496537	0.084576	0.125476	11292.687500
11454.497414	0.084646	0.125476	11366.921875
11454.498396	0.084738	0.125476	11450.133789
11454.499449	0.084752	0.125476	11539.377930
11454.500352	0.084657	0.125476	11615.823242
11454.501209	0.084749	0.125476	11688.453125
