time (s)	theta (A)	maj axis/z0	min axis/z0	crossing#mod 255
4010.379374	237.627090	-0.818248	0.024009	59
4012.434819	237.523895	-0.817560	0.023913	61
4014.490644	57.580276	0.820985	-0.023997	63
4016.548393	57.593933	0.829255	-0.023989	65
4018.607821	57.605343	0.837438	-0.023801	67
4020.665749	57.571590	0.845516	-0.023690	69
4022.722989	57.500214	0.854225	-0.023390	71
4024.779999	57.453712	0.862615	-0.023369	73
4026.837735	57.452332	0.869548	-0.023353	75
4028.894110	57.405941	0.877009	-0.023032	77
4030.951378	57.443398	0.884313	-0.023031	79
4033.009361	57.492466	0.892311	-0.022839	81
4035.068544	57.623711	0.901197	-0.022462	83
4037.127948	57.742836	0.910002	-0.022210	85
4039.188577	57.771133	0.917715	-0.022639	87
4041.247306	57.799541	0.925871	-0.022719	89
4043.304334	57.769215	0.934407	-0.022226	91
4045.361485	57.810768	0.942756	-0.022339	93
4047.417891	57.771976	0.951108	-0.022352	95
4049.474399	57.655766	0.957912	-0.022375	97
4051.531337	57.624741	0.965350	-0.022204	99
4053.588009	57.522114	0.971619	-0.022077	101
4055.645696	57.499977	0.979003	-0.022582	103
4057.702937	57.492294	0.986347	-0.022091	105
4059.760260	57.455006	0.993086	-0.022202	107
4061.818134	57.493065	0.999365	-0.022447	109
4063.875772	57.454975	1.005494	-0.022374	111
4065.933847	57.452930	1.011913	-0.022485	113
4067.991250	57.385509	1.018974	-0.022320	115
4070.048550	57.307293	1.025323	-0.022533	117
4072.105485	57.326382	1.033561	-0.022418	119
4074.161836	57.428482	1.040468	-0.022413	121
4076.217364	57.567429	1.045796	-0.022857	123
4078.272523	57.664021	1.051384	-0.022928	125
4080.327864	57.622211	1.054356	-0.022847	127
4082.383709	57.519814	1.058700	-0.022794	129
4084.440497	57.424419	1.063924	-0.022485	131
4086.497498	57.263760	1.071022	-0.022544	133
4088.555081	57.162483	1.078445	-0.022515	135
4090.611771	57.117016	1.084255	-0.022153	137
4092.668760	57.114368	1.089267	-0.022351	139
4094.725537	57.066887	1.094143	-0.021996	141
4096.782710	57.039673	1.100590	-0.022042	143
4098.839185	56.998283	1.107044	-0.021782	145
4100.896083	56.955837	1.112380	-0.021842	147
4102.952355	56.940102	1.115631	-0.021820	149
4105.008976	56.945595	1.119373	-0.021626	151
4107.065945	57.009594	1.124539	-0.021732	153
4109.123567	57.063496	1.130516	-0.021959	155
4111.181595	57.158829	1.137214	-0.022251	157
4113.240353	57.176613	1.142333	-0.022184	159
4115.298717	57.223389	1.146245	-0.021919	161
4117.356749	57.212288	1.149482	-0.021662	163
4119.413308	57.211926	1.155642	-0.021243	165
4121.469454	57.242836	1.161402	-0.021182	167
4123.525174	57.190544	1.165354	-0.021631	169
4125.581591	57.118664	1.169492	-0.021722	171
4127.637846	57.044613	1.174770	-0.021335	173
4129.694285	56.983898	1.180022	-0.021035	175
4131.750786	56.963245	1.184317	-0.020940	177
4133.807692	56.919075	1.186860	-0.021083	179
4135.864740	56.908257	1.189818	-0.021139	181
4137.921989	56.860374	1.194670	-0.021248	183
4139.979206	56.818428	1.198660	-0.021215	185
4142.036417	56.772038	1.202634	-0.021336	187
4144.093467	56.676712	1.206552	-0.021545	189
4146.150020	56.711216	1.211593	-0.021604	191
4148.205860	56.755737	1.215831	-0.021703	193
4150.261047	56.891899	1.218537	-0.021342	195
4152.316386	56.962044	1.221853	-0.021217	197
4154.372068	56.953819	1.224241	-0.021368	199
4156.426951	56.902416	1.225771	-0.020917	201
4158.482705	56.827999	1.226435	-0.021169	203
4160.539031	56.699436	1.226879	-0.020915	205
4162.595555	56.568245	1.229320	-0.020762	207
4164.652038	56.479893	1.234998	-0.020725	209
4166.708686	56.438080	1.239890	-0.020957	211
4168.765113	56.382839	1.244552	-0.020815	213
4170.821801	56.347305	1.248348	-0.020797	215
4172.878427	56.321339	1.250519	-0.020867	217
4174.934755	56.313274	1.251138	-0.021325	219
4176.991347	56.301380	1.253671	-0.021068	221
4179.047919	56.301136	1.260059	-0.020855	223
4181.104047	56.312485	1.258198	-0.020765	225
4183.160906	56.387772	1.255617	-0.020824	227
4185.218307	56.404808	1.251754	-0.020557	229
4187.275278	56.377701	1.248734	-0.020581	231
4189.332294	56.366287	1.245855	-0.020460	233
4191.388796	56.368301	1.245089	-0.019925	235
4193.445016	56.356438	1.243574	-0.020214	237
4195.500603	56.335609	1.241781	-0.020155	239
4197.555714	56.316391	1.240082	-0.020267	241
4199.611489	56.299614	1.239953	-0.019941	243
4201.666985	56.206139	1.237244	-0.020307	245
4203.722610	56.128616	1.235645	-0.020333	247
4205.778519	56.107559	1.235095	-0.020275	249
4207.834232	56.057926	1.233643	-0.020190	251
4209.890508	56.039730	1.232093	-0.019965	253
4211.946596	55.974144	1.229763	-0.020026	255
4214.002665	55.934647	1.227726	-0.020154	1
4216.058635	55.857182	1.226612	-0.019821	3
4218.114031	55.838081	1.224292	-0.020198	5
4220.169207	55.844917	1.223856	-0.020418	7
4222.224055	55.904049	1.223786	-0.020406	9
4224.278669	56.004925	1.222203	-0.020587	11
4226.333085	56.025196	1.221385	-0.020780	13
4228.388025	56.019779	1.218339	-0.020988	15
4230.442775	55.947578	1.217297	-0.021053	17
4232.498171	55.875862	1.215343	-0.021178	19
4234.553557	55.778767	1.215106	-0.021085	21
4236.609272	55.717415	1.214333	-0.020993	23
4238.664957	55.636147	1.210213	-0.020895	25
4240.720606	55.605541	1.207090	-0.020634	27
4242.776628	55.554760	1.205667	-0.020924	29
4244.832113	55.526028	1.203775	-0.020680	31
4246.888387	55.499847	1.202529	-0.020605	33
4248.944124	55.535248	1.200283	-0.020501	35
4251.000522	55.546188	1.198361	-0.020537	37
4253.056961	55.590244	1.198054	-0.020333	39
4255.113438	55.620617	1.195963	-0.020182	41
4257.170542	55.600273	1.193741	-0.020339	43
4259.227288	55.557877	1.191959	-0.020212	45
4261.283912	55.596092	1.191501	-0.020349	47
4263.340579	55.559345	1.188507	-0.020024	49
4265.396536	55.539387	1.186539	-0.020201	51
4267.452095	55.548744	1.184476	-0.019964	53
4269.507630	55.474964	1.182082	-0.020087	55
4271.563225	55.458630	1.182798	-0.019827	57
4273.618779	55.398956	1.181951	-0.019779	59
4275.674384	55.369919	1.182109	-0.019905	61
4277.730233	55.301888	1.179288	-0.019677	63
4279.786049	55.294350	1.177263	-0.019686	65
4281.841635	55.228729	1.174490	-0.019447	67
4283.897670	55.147858	1.171820	-0.019250	69
4285.953540	55.097630	1.169557	-0.019209	71
4288.008865	55.053642	1.169811	-0.019036	73
4290.064046	55.084316	1.169751	-0.019139	75
4292.118705	55.136993	1.169258	-0.019412	77
