crossing time (s)	slope (V/s)	crossing number
4010.381981	4.016991	3387
4011.408226	4.131375	3388
4012.435750	4.138566	3389
4013.460763	3.957530	3390
4014.483639	3.892994	3391
4015.508689	3.747525	3392
4016.533752	3.773844	3393
4017.566990	3.657472	3394
4018.597225	4.047483	3395
4019.631337	3.544110	3396
4020.658254	3.943579	3397
4021.693404	3.592906	3398
4022.716058	3.742691	3399
4023.751378	3.640929	3400
4024.774777	3.655272	3401
4025.809449	3.762434	3402
4026.836304	3.768552	3403
4027.868197	3.872209	3404
4028.891351	3.992536	3405
4029.920587	4.032270	3406
4030.949306	4.272194	3407
4031.979305	4.555986	3408
4033.008025	4.662866	3409
4034.037214	4.836702	3410
4035.068706	4.959131	3411
4036.092361	5.199652	3412
4037.126614	5.138607	3413
4038.145450	4.977800	3414
4039.183143	5.338366	3415
4040.199729	4.625352	3416
4041.237592	4.888594	3417
4042.256979	4.336316	3418
4043.294337	4.525629	3419
4044.316595	4.372057	3420
4045.360115	4.786414	3421
4046.372363	4.727884	3422
4047.418079	5.399874	3423
4048.432337	5.096007	3424
4049.474598	5.933184	3425
4050.494146	5.297976	3426
4051.531984	6.041975	3427
4052.549924	5.431699	3428
4053.584811	6.001904	3429
4054.610298	5.483338	3430
4055.644191	5.979176	3431
4056.667185	5.600442	3432
4057.700793	6.001325	3433
4058.725186	5.796450	3434
4059.758465	6.107767	3435
4060.780723	5.977951	3436
4061.815232	6.090455	3437
4062.835663	6.135328	3438
4063.872724	6.153284	3439
4064.892641	6.155991	3440
4065.932362	6.089280	3441
4066.947285	5.986799	3442
4067.987514	5.885019	3443
4069.005213	5.820386	3444
4070.042450	5.583200	3445
4071.062405	5.415555	3446
4072.099563	5.536739	3447
4073.118699	5.379932	3448
4074.158681	5.802780	3449
4075.176207	5.737412	3450
4076.215302	6.378525	3451
4077.238720	6.313337	3452
4078.270688	6.643073	3453
4079.294165	6.590762	3454
4080.325994	6.597966	3455
4081.353687	6.521562	3456
4082.381446	6.332655	3457
4083.409838	6.254856	3458
4084.439139	5.988859	3459
4085.467385	5.982964	3460
4086.493265	5.898124	3461
4087.528793	5.977115	3462
4088.553748	5.992155	3463
4089.582845	6.045180	3464
4090.610395	6.015532	3465
4091.641236	6.340292	3466
4092.667562	6.377111	3467
4093.698189	6.457451	3468
4094.724311	6.582514	3469
4095.753747	6.677333	3470
4096.782118	6.632010	3471
4097.811494	6.693713	3472
4098.837118	6.737229	3473
4099.867983	6.720376	3474
4100.895528	6.784843	3475
4101.924471	6.807574	3476
4102.950313	6.763984	3477
4103.979956	6.776462	3478
4105.008258	6.961619	3479
4106.038757	7.059990	3480
4107.064843	7.253156	3481
4108.096523	7.416284	3482
4109.122524	7.572556	3483
4110.151299	7.816291	3484
4111.180136	7.897021	3485
4112.205284	7.974588	3486
4113.239970	8.022927	3487
4114.261182	7.749147	3488
4115.295437	7.646630	3489
4116.313698	7.245150	3490
4117.352701	7.363234	3491
4118.369237	6.949760	3492
4119.408043	7.237859	3493
4120.429254	7.205215	3494
4121.470109	7.521473	3495
4122.485837	7.597131	3496
4123.525146	8.019279	3497
4124.545314	8.083279	3498
4125.582761	8.263741	3499
4126.600217	7.819555	3500
4127.638559	8.429478	3501
4128.659806	8.274679	3502
4129.694358	8.555768	3503
4130.714829	8.315905	3504
4131.750044	8.637814	3505
4132.772523	8.522034	3506
4133.806781	8.702640	3507
4134.827933	8.664258	3508
4135.862644	8.805551	3509
4136.884388	8.742851	3510
4137.921668	8.758555	3511
4138.939783	8.706767	3512
4139.977871	8.665515	3513
4140.995831	8.606477	3514
4142.034425	8.541546	3515
4143.050783	8.237959	3516
4144.090309	8.278227	3517
4145.107754	7.875367	3518
4146.148124	8.101017	3519
4147.165705	7.800434	3520
4148.203908	8.067332	3521
4149.222455	8.014138	3522
4150.258772	8.265691	3523
4151.280736	8.460568	3524
4152.315510	8.814257	3525
4153.339135	8.818284	3526
4154.371691	9.031789	3527
4155.397057	8.897763	3528
4156.425184	8.747422	3529
4157.454037	8.670457	3530
4158.480192	8.587917	3531
4159.512159	8.501209	3532
4160.538451	8.328043	3533
4161.568057	8.245919	3534
4162.594568	8.289753	3535
4163.625322	8.186046	3536
4164.651768	8.258275	3537
4165.681161	8.335024	3538
4166.707844	8.335669	3539
4167.739965	8.441165	3540
4168.763702	8.440283	3541
4169.794797	8.639056	3542
4170.822171	8.636134	3543
4171.851156	8.734293	3544
4172.879285	8.872111	3545
4173.907212	8.892907	3546
4174.934248	8.865435	3547
4175.964017	8.941359	3548
4176.990671	8.974857	3549
4178.019965	9.088636	3550
4179.046349	9.180552	3551
4180.075846	9.170671	3552
4181.102707	9.175862	3553
4182.130408	9.107202	3554
4183.159929	9.153894	3555
4184.185641	9.117935	3556
4185.219240	9.111944	3557
4186.241117	9.268640	3558
4187.274281	9.460616	3559
4188.295903	9.269793	3560
4189.330785	9.041534	3561
4190.350049	8.901346	3562
4191.386754	9.101042	3563
4192.404513	8.790204	3564
4193.444818	8.911586	3565
4194.461259	8.848821	3566
4195.500355	8.873501	3567
4196.516905	8.836751	3568
4197.554101	8.922367	3569
4198.573972	8.980556	3570
4199.610305	9.174021	3571
4200.628953	9.043868	3572
4201.665323	9.293468	3573
4202.685264	8.908816	3574
4203.721720	9.241380	3575
4204.741276	9.001946	3576
4205.777740	9.037536	3577
4206.796580	9.095291	3578
4207.832919	9.248663	3579
4208.852405	9.079036	3580
4209.889469	9.226042	3581
4210.906233	9.059097	3582
4211.946085	9.113528	3583
4212.962915	9.002200	3584
4214.001203	9.012188	3585
4215.018297	8.828629	3586
4216.057760	8.907957	3587
4217.073339	8.828577	3588
4218.112629	8.982906	3589
4219.129772	8.791646	3590
4220.167554	8.852857	3591
4221.186503	8.769773	3592
4222.223856	8.805823	3593
4223.243457	8.824151	3594
4224.278068	8.758787	3595
4225.300877	8.729617	3596
4226.332551	8.759750	3597
4227.357285	8.595297	3598
4228.387099	8.774922	3599
4229.413929	8.800252	3600
4230.440758	8.694301	3601
4231.470493	8.742610	3602
4232.497355	8.799548	3603
4233.526590	8.713800	3604
4234.552280	8.633421	3605
4235.582823	8.589027	3606
4236.607395	8.637017	3607
4237.639168	8.440472	3608
4238.664133	8.601581	3609
4239.693813	8.583902	3610
4240.718976	8.658689	3611
4241.750283	8.535071	3612
4242.776059	8.412001	3613
4243.805350	8.446762	3614
4244.831417	8.497987	3615
4245.861105	8.467975	3616
4246.888537	8.551835	3617
4247.915078	8.555241	3618
4248.943601	8.523546	3619
4249.972191	8.521018	3620
4251.000205	8.557619	3621
4252.027445	8.511864	3622
4253.056995	8.457320	3623
4254.081646	8.531705	3624
4255.112185	8.509423	3625
4256.135686	8.424767	3626
4257.170659	8.474176	3627
4258.191526	8.377132	3628
4259.227778	8.422783	3629
4260.247014	8.375450	3630
4261.282844	8.410592	3631
4262.299989	8.352976	3632
4263.340896	8.323466	3633
4264.357009	8.251526	3634
4265.396746	8.235929	3635
4266.411987	8.220609	3636
4267.451623	8.476959	3637
4268.467394	8.294216	3638
4269.506707	8.364351	3639
4270.523744	8.361550	3640
4271.562873	8.339361	3641
4272.579625	8.329605	3642
4273.618694	8.234665	3643
4274.635529	8.261873	3644
4275.673269	8.302859	3645
4276.690542	8.247491	3646
4277.729303	8.308173	3647
4278.745235	8.198804	3648
4279.785731	8.295682	3649
4280.800923	8.218510	3650
4281.839996	8.127899	3651
4282.857705	8.132446	3652
4283.896517	8.188310	3653
4284.911355	7.994644	3654
4285.952842	8.108249	3655
4286.967850	8.138675	3656
4288.008044	8.031355	3657
4289.023533	7.998148	3658
4290.063136	8.124004	3659
4291.080536	8.000050	3660
4292.117238	8.095813	3661
