time (s)	coil I (A)	last det (V)	int current (uC)
4354.340816	1.049154	0.326319	445.890472
4354.341810	1.517882	0.326319	1954.665161
4354.342874	1.501597	0.326319	3552.363770
4354.343788	1.462606	0.326319	4889.185547
4354.344652	1.425487	0.326319	6120.806641
4354.345773	1.383051	0.326319	7671.206055
4354.346760	0.555817	0.326319	8219.796875
4354.347634	0.088499	0.326319	8297.144531
4354.348690	0.086016	0.326319	8387.976562
4354.349727	0.085935	0.326319	8477.090820
4354.350614	0.085844	0.326319	8553.234375
4354.351520	0.085994	0.326319	8631.144531
4354.352610	0.085986	0.326319	8724.869141
4354.353554	0.085891	0.326319	8805.950195
4354.354418	0.085994	0.326319	8880.249023
4354.355479	0.085946	0.326319	8971.437500
4354.356492	0.085909	0.326319	9058.463867
4355.343813	1.033363	0.318384	443.312714
4355.344733	1.515249	0.318384	1837.341797
4355.345803	1.504453	0.318384	3447.106445
4355.346754	1.464415	0.318384	4839.765137
4355.347620	1.428680	0.318384	6077.002441
4355.348662	1.387844	0.318384	7523.136230
4355.349709	0.631395	0.318384	8184.207031
4355.350579	0.089795	0.318384	8262.328125
4355.351545	0.085957	0.318384	8345.362305
4355.352593	0.085961	0.318384	8435.449219
4355.353521	0.085873	0.318384	8515.139648
4355.354387	0.085917	0.318384	8589.543945
4355.355439	0.085935	0.318384	8679.947266
4355.356447	0.085887	0.318384	8766.521484
4355.357344	0.085880	0.318384	8843.555664
4355.358303	0.086045	0.318384	8926.072266
4355.359353	0.085975	0.318384	9016.346680
4356.396485	1.042493	0.346034	450.356873
4356.397364	1.516721	0.346034	1783.554687
4356.398228	1.512081	0.346034	3089.992920
4356.399342	1.467843	0.346034	4725.169922
4356.400258	1.429724	0.346034	6034.797363
4356.401135	1.395007	0.346034	7258.218750
4356.402132	0.926876	0.346034	8182.314453
4356.403124	0.096328	0.346034	8277.872070
4356.404019	0.085880	0.346034	8354.734375
4356.404879	0.085924	0.346034	8428.628906
4356.405979	0.085928	0.346034	8523.149414
4356.406873	0.085796	0.346034	8599.850586
4356.407739	0.085928	0.346034	8674.263672
4356.408735	0.085898	0.346034	8759.818359
4356.409736	0.085844	0.346034	8845.748047
4356.410610	0.085902	0.346034	8920.826172
4356.411472	0.085931	0.346034	8994.899414
4357.402041	1.046726	0.329006	440.671692
4357.403058	1.523090	0.329006	1989.653809
4357.403988	1.506368	0.329006	3390.576416
4357.404870	1.468960	0.329006	4686.199219
4357.405868	1.428988	0.329006	6112.329102
4357.406798	1.390942	0.329006	7405.905273
4357.407721	0.927517	0.329006	8262.003906
4357.408584	0.108102	0.329006	8355.295898
4357.409629	0.085833	0.329006	8444.991211
4357.410515	0.085902	0.329006	8521.100586
4357.411384	0.086016	0.329006	8595.848633
4357.412395	0.086049	0.329006	8682.843750
4357.413308	0.085891	0.329006	8761.262695
4357.414219	0.085961	0.329006	8839.573242
4357.415100	0.085851	0.329006	8915.208008
4357.416115	0.085865	0.329006	9002.361328
4357.417001	0.085865	0.329006	9078.438477
4358.452304	1.130772	0.355525	628.708984
4358.453265	1.524917	0.355525	2094.154297
4358.454196	1.502791	0.355525	3493.252441
4358.455065	1.464961	0.355525	4766.303711
4358.456101	1.423458	0.355525	6241.006836
4358.456989	1.388361	0.355525	7473.871094
4358.457867	1.355438	0.355525	8663.945312
4358.458859	1.320407	0.355525	9973.789062
4358.459813	0.925726	0.355525	10856.931641
4358.460708	0.108054	0.355525	10953.640625
4358.461587	0.085825	0.355525	11029.081055
4358.462602	0.085957	0.355525	11116.327148
4358.463497	0.085847	0.355525	11193.160156
4358.464371	0.085961	0.355525	11268.290039
4358.465252	0.085902	0.355525	11343.969727
4358.466294	0.085844	0.355525	11433.418945
4358.467192	0.085833	0.355525	11510.496094
4358.468070	0.085873	0.355525	11585.892578
4358.469074	0.085975	0.355525	11672.211914
4359.460793	1.036879	0.340064	436.525879
4359.461894	1.523346	0.340064	2113.729736
4359.462859	1.501227	0.340064	3562.413574
4359.463744	1.464075	0.340064	4858.119629
4359.464775	1.422532	0.340064	6324.750000
4359.465819	1.381659	0.340064	7767.202148
4359.466702	1.347858	0.340064	8957.360352
4359.467591	1.314807	0.340064	10126.223633
4359.468699	0.597429	0.340064	10788.174805
4359.469640	0.088114	0.340064	10871.089844
4359.470497	0.086005	0.340064	10944.795898
4359.471532	0.085975	0.340064	11033.780273
4359.472569	0.085983	0.340064	11122.944336
4359.473445	0.085884	0.340064	11198.178711
4359.474361	0.086052	0.340064	11277.002930
4359.475433	0.086049	0.340064	11369.247070
4359.476372	0.085968	0.340064	11449.970703
4359.477235	0.085913	0.340064	11524.113281
4359.478255	0.086019	0.340064	11611.852539
4360.510978	1.061748	0.356850	527.688782
4360.512040	1.523976	0.356850	2146.151123
4360.512982	1.501007	0.356850	3560.099854
4360.513849	1.463383	0.356850	4828.852539
4360.514937	1.419631	0.356850	6373.411621
4360.515952	1.379853	0.356850	7773.962891
4360.516843	1.346660	0.356850	8973.836914
4360.517816	1.311852	0.356850	10250.268555
4360.518871	0.516588	0.356850	10795.269531
4360.519790	0.087231	0.356850	10875.435547
4360.520651	0.085917	0.356850	10949.410156
4360.521738	0.086008	0.356850	11042.901367
4360.522716	0.085865	0.356850	11126.877930
4360.523599	0.085939	0.356850	11202.761719
4360.524596	0.085994	0.356850	11288.497070
4360.525643	0.085950	0.356850	11378.486328
4360.526528	0.085964	0.356850	11454.564453
4360.527386	0.086041	0.356850	11528.387695
4360.528474	0.086104	0.356850	11622.068359
4361.522653	1.079564	0.346284	495.519989
4361.523541	1.518842	0.346284	1844.251221
4361.524544	1.507105	0.346284	3355.876953
4361.525599	1.463313	0.346284	4899.671875
4361.526497	1.425981	0.346284	6180.203125
4361.527386	1.389412	0.346284	7415.390137
4361.528492	1.349099	0.346284	8907.494141
4361.529453	1.314327	0.346284	10170.562500
4361.530322	0.840725	0.346284	10901.152344
4361.531353	0.093809	0.346284	10997.869141
4361.532389	0.085957	0.346284	11086.920898
4361.533274	0.085972	0.346284	11163.005859
4361.534213	0.086082	0.346284	11243.835937
4361.535268	0.086085	0.346284	11334.656250
4361.536195	0.086005	0.346284	11414.382812
4361.537056	0.085986	0.346284	11488.416992
4361.538097	0.086078	0.346284	11578.024414
4361.539116	0.085946	0.346284	11665.603516
4361.539986	0.085983	0.346284	11740.408203
4362.570174	1.028741	0.353724	438.243866
4362.571228	1.520984	0.353724	2041.360840
4362.572263	1.500443	0.353724	3594.319336
4362.573145	1.462756	0.353724	4884.470215
4362.574072	1.424744	0.353724	6205.207520
4362.575136	1.383278	0.353724	7677.014648
4362.576068	1.348264	0.353724	8933.596680
4362.576933	1.316521	0.353724	10072.387695
4362.577987	0.703923	0.353724	10814.323242
4362.579020	0.088495	0.353724	10905.738281
4362.579887	0.085818	0.353724	10980.142578
4362.580843	0.085895	0.353724	11062.257812
4362.581897	0.085840	0.353724	11152.733398
4362.582822	0.085854	0.353724	11232.148437
4362.583683	0.085898	0.353724	11306.107422
4362.584760	0.086023	0.353724	11398.753906
4362.585757	0.085884	0.353724	11484.379883
4362.586646	0.085858	0.353724	11560.708008
4362.587614	0.085975	0.353724	11643.932617
4363.585051	1.111066	0.354493	562.199280
4363.585987	1.523134	0.354493	1987.852295
4363.586852	1.508024	0.354493	3292.292725
4363.587935	1.463112	0.354493	4876.842773
4363.588940	1.421964	0.354493	6305.916504
4363.589821	1.387123	0.354493	7527.971680
4363.590801	1.350948	0.354493	8851.901367
4363.591854	1.312621	0.354493	10234.090820
4363.592775	0.700624	0.354493	10879.365234
4363.593631	0.093252	0.354493	10959.188477
4363.594705	0.086005	0.354493	11051.557617
4363.595701	0.085873	0.354493	11137.086914
4363.596570	0.085898	0.354493	11211.732422
4363.597560	0.086023	0.354493	11296.895508
4363.598605	0.085935	0.354493	11386.697266
4363.599501	0.085939	0.354493	11463.698242
4363.600366	0.085825	0.354493	11537.937500
4363.601446	0.085997	0.354493	11630.814453
4363.602430	0.085906	0.354493	11715.345703
4364.626368	1.031678	0.363472	442.590057
4364.627236	1.515084	0.363472	1757.683105
4364.628298	1.506467	0.363472	3357.551270
4364.629235	1.466601	0.363472	4731.756836
4364.630114	1.430779	0.363472	5989.411621
4364.631077	1.393260	0.363472	7331.121582
4364.632110	1.353794	0.363472	8729.590820
4364.633003	1.321231	0.363472	9909.449219
4364.633867	1.055321	0.363472	10821.247070
4364.634931	0.112024	0.363472	10940.440430
4364.635859	0.085876	0.363472	11020.133789
4364.636728	0.085946	0.363472	11094.821289
4364.637662	0.085961	0.363472	11175.108398
4364.638709	0.085983	0.363472	11265.131836
4364.639582	0.085913	0.363472	11340.133789
4364.640450	0.085913	0.363472	11414.706055
4364.641466	0.086016	0.363472	11502.097656
4364.642434	0.085898	0.363472	11585.247070
4364.643308	0.085946	0.363472	11660.364258
4365.643776	1.062371	0.373845	524.811096
4365.644847	1.523639	0.373845	2156.628418
4365.645796	1.500132	0.373845	3580.253418
4365.646665	1.462767	0.373845	4851.398437
4365.647735	1.419664	0.373845	6370.439453
4365.648742	1.380143	0.373845	7760.243164
4365.649637	1.346704	0.373845	8965.542969
4365.650599	1.312361	0.373845	10228.034180
4365.651642	0.554476	0.373845	10806.352539
4365.652557	0.087825	0.373845	10886.711914
4365.653420	0.085983	0.373845	10960.915039
4365.654479	0.086063	0.373845	11052.055664
4365.655479	0.085840	0.373845	11137.895508
4365.656353	0.085898	0.373845	11212.970703
4365.657247	0.085931	0.373845	11289.792969
4365.658120	0.085858	0.373845	11364.747070
4365.659096	0.085876	0.373845	11448.562500
4365.660016	0.085869	0.373845	11527.562500
4365.660900	0.085887	0.373845	11603.487305
4366.681130	1.114709	0.377982	580.763672
4366.682133	1.524320	0.377982	2109.656738
4366.683011	1.504105	0.377982	3430.261230
4366.684018	1.461716	0.377982	4902.209473
4366.685077	1.419104	0.377982	6405.040527
4366.685967	1.383735	0.377982	7636.564941
4366.686842	1.349403	0.377982	8817.292969
4366.687949	1.310372	0.377982	10267.875000
4366.688925	0.584846	0.377982	10838.684570
4366.689788	0.089586	0.377982	10915.997070
4366.690804	0.086060	0.377982	11003.433594
4366.691836	0.085928	0.377982	11092.111328
4366.692729	0.085906	0.377982	11168.825195
4366.693656	0.085979	0.377982	11248.527344
4366.694728	0.086023	0.377982	11340.744141
4366.695669	0.085891	0.377982	11421.567383
4366.696532	0.085887	0.377982	11495.688477
4366.697590	0.086012	0.377982	11586.689453
4366.698597	0.085913	0.377982	11673.204102
4367.702974	1.023556	0.391775	433.987701
4367.703991	1.518757	0.391775	1978.563843
4367.705042	1.501271	0.391775	3556.399414
4367.705923	1.463511	0.391775	4845.752441
4367.706838	1.425531	0.391775	6150.113281
4367.707914	1.384028	0.391775	7639.327637
4367.708857	1.348396	0.391775	8910.865234
4367.709728	1.316488	0.391775	10057.526367
4367.710758	0.721813	0.391775	10800.993164
4367.711792	0.088887	0.391775	10892.902344
4367.712680	0.085865	0.391775	10969.151367
4367.713632	0.086005	0.391775	11051.027344
4367.714675	0.085939	0.391775	11140.661133
4367.715610	0.085876	0.391775	11220.956055
4367.716471	0.085898	0.391775	11294.915039
4367.717538	0.086012	0.391775	11386.689453
4367.718535	0.085983	0.391775	11472.414062
4367.719417	0.085895	0.391775	11548.172852
4367.720379	0.085895	0.391775	11630.803711
4368.739256	1.023695	0.388428	430.975586
4368.740210	1.514967	0.388428	1876.254150
4368.741268	1.503252	0.388428	3466.694824
4368.742201	1.463800	0.388428	4832.420410
4368.743064	1.427904	0.388428	6064.701660
4368.744130	1.386185	0.388428	7542.375000
4368.745139	1.348348	0.388428	8902.858398
4368.746029	1.316382	0.388428	10074.438477
4368.747044	0.734813	0.388428	10820.273437
4368.748093	0.089604	0.388428	10914.268555
4368.748997	0.085865	0.388428	10991.890625
4368.749856	0.085946	0.388428	11065.718750
4368.750953	0.085957	0.388428	11160.013672
4368.751948	0.085822	0.388428	11245.406250
4368.752828	0.085854	0.388428	11320.958008
4368.753816	0.085972	0.388428	11405.898437
4368.754868	0.085928	0.388428	11496.293945
4368.755738	0.085887	0.388428	11571.015625
4368.756609	0.085983	0.388428	11645.906250
4369.764375	1.112497	0.392783	569.598694
4369.765319	1.523013	0.392783	2007.322510
4369.766192	1.507057	0.392783	3322.983154
4369.767224	1.463610	0.392783	4833.428223
4369.768253	1.421843	0.392783	6296.504883
4369.769145	1.386603	0.392783	7533.354492
4369.770098	1.351208	0.392783	8821.056641
4369.771173	1.312116	0.392783	10231.581055
4369.772118	0.666808	0.392783	10861.714844
4369.772984	0.091721	0.392783	10941.145508
4369.774045	0.085983	0.392783	11032.373047
4369.775041	0.085869	0.392783	11117.898437
4369.775931	0.085818	0.392783	11194.276367
4369.776913	0.085939	0.392783	11278.667969
4369.777950	0.086016	0.392783	11367.866211
4369.778856	0.085880	0.392783	11445.673828
4369.779713	0.085902	0.392783	11519.291992
4369.780786	0.085975	0.392783	11611.543945
4369.781782	0.085833	0.392783	11697.033203
4370.798084	1.095278	0.392670	532.305237
4370.798974	1.520262	0.392670	1885.338623
4370.799843	1.509994	0.392670	3197.523193
4370.800903	1.465591	0.392670	4751.049316
4370.801867	1.426582	0.392670	6126.274414
4370.802748	1.391411	0.392670	7352.107422
4370.803675	1.356460	0.392670	8609.545898
4370.804727	1.318898	0.392670	9997.026367
4370.805623	0.963197	0.392670	10860.050781
4370.806485	0.118367	0.392670	10962.083008
4370.807524	0.085898	0.392670	11051.331055
4370.808474	0.085844	0.392670	11132.882812
4370.809335	0.085840	0.392670	11206.791016
4370.810209	0.085902	0.392670	11281.869141
4370.811331	0.085844	0.392670	11378.185547
4370.812228	0.085840	0.392670	11455.183594
4370.813093	0.085891	0.392670	11529.479492
4370.814104	0.085902	0.392670	11616.326172
4370.815080	0.085851	0.392670	11700.116211
4371.824175	1.093572	0.396589	592.715881
4371.825134	1.523555	0.396589	2053.804932
4371.826066	1.503512	0.396589	3455.078125
4371.826932	1.465968	0.396589	4724.606445
4371.827956	1.424583	0.396589	6183.378906
4371.828857	1.388815	0.396589	7434.701172
4371.829733	1.355775	0.396589	8622.360352
4371.830665	1.321959	0.396589	9854.425781
4371.831656	0.969027	0.396589	10814.731445
4371.832566	0.110321	0.396589	10915.124023
4371.833456	0.085807	0.396589	10991.492187
4371.834474	0.085844	0.396589	11078.880859
4371.835372	0.085950	0.396589	11156.063477
4371.836290	0.085829	0.396589	11234.854492
4371.837150	0.085950	0.396589	11308.771484
4371.838188	0.085807	0.396589	11397.838867
4371.839063	0.085909	0.396589	11473.009766
4371.839942	0.085873	0.396589	11548.492187
4371.840915	0.085895	0.396589	11632.067383
4372.855243	1.047894	0.407506	457.929840
4372.856106	1.514802	0.407506	1765.204102
4372.857205	1.504307	0.407506	3418.437012
4372.858199	1.462126	0.407506	4871.790527
4372.859087	1.426058	0.407506	6138.130371
4372.860096	1.386709	0.407506	7537.319824
4372.861153	1.347407	0.407506	8961.529297
4372.862036	1.314891	0.407506	10122.578125
4372.862965	0.811523	0.407506	10876.483398
4372.863824	0.098643	0.407506	10961.217773
4372.864789	0.085836	0.407506	11044.049805
4372.865695	0.085898	0.407506	11121.874023
4372.866581	0.085902	0.407506	11197.983398
4372.867542	0.085979	0.407506	11280.609375
4372.868490	0.086012	0.407506	11362.148437
4372.869415	0.085909	0.407506	11441.614258
4372.870277	0.085946	0.407506	11515.700195
4372.871312	0.085865	0.407506	11604.571289
4372.872191	0.085880	0.407506	11680.059570
4373.883428	1.125212	0.407985	577.233887
4373.884462	1.524137	0.407985	2153.191406
4373.885354	1.502534	0.407985	3493.451904
4373.886307	1.462496	0.407985	4887.210937
4373.887371	1.418653	0.407985	6396.658203
4373.888314	1.381992	0.407985	7699.876953
4373.889182	1.348960	0.407985	8870.774414
4373.890266	1.310153	0.407985	10290.979492
4373.891275	0.520737	0.407985	10816.403320
4373.892170	0.087869	0.407985	10895.045898
4373.893141	0.085953	0.407985	10978.506836
4373.894191	0.085942	0.407985	11068.746094
4373.895101	0.085847	0.407985	11146.867187
4373.895958	0.085986	0.407985	11220.557617
4373.897027	0.085946	0.407985	11312.433594
4373.898026	0.085862	0.407985	11398.209961
4373.898902	0.085928	0.407985	11473.482422
4373.899900	0.086012	0.407985	11559.322266
4373.900954	0.085953	0.407985	11649.916992
4374.913572	1.116808	0.414797	576.272888
4374.914571	1.523807	0.414797	2098.556396
4374.915449	1.504200	0.414797	3419.244385
4374.916438	1.462617	0.414797	4865.772461
4374.917497	1.419316	0.414797	6368.828613
4374.918396	1.383695	0.414797	7612.770508
4374.919269	1.349608	0.414797	8790.978516
4374.920369	1.311420	0.414797	10233.540039
4374.921356	0.614542	0.414797	10840.093750
4374.922221	0.089963	0.414797	10917.912109
4374.923273	0.086030	0.414797	11008.416016
4374.924323	0.085873	0.414797	11098.582031
4374.925211	0.085829	0.414797	11174.797852
4374.926140	0.085917	0.414797	11254.614258
4374.927196	0.085975	0.414797	11345.404297
4374.928145	0.085822	0.414797	11426.848633
4374.929005	0.085895	0.414797	11500.717773
4374.930046	0.085990	0.414797	11590.233398
4374.931060	0.085840	0.414797	11677.275391
4375.941588	1.053831	0.414785	463.685486
4375.942452	1.515758	0.414785	1773.300537
4375.943528	1.504834	0.414785	3392.501953
4375.944523	1.462650	0.414785	4847.838867
4375.945407	1.426699	0.414785	6109.041016
4375.946413	1.387647	0.414785	7505.013672
4375.947468	1.348370	0.414785	8927.543945
4375.948349	1.315514	0.414785	10086.511719
4375.949237	0.826776	0.414785	10820.689453
4375.950326	0.091406	0.414785	10920.230469
4375.951291	0.085789	0.414785	11003.016602
4375.952160	0.085862	0.414785	11077.630859
4375.953186	0.085990	0.414785	11165.856445
4375.954230	0.085994	0.414785	11255.633789
4375.955118	0.085902	0.414785	11331.915039
4375.956046	0.085994	0.414785	11411.716797
4375.957111	0.085935	0.414785	11503.237305
4375.958055	0.085939	0.414785	11584.363281
4375.958923	0.085876	0.414785	11658.904297
4376.971708	1.029591	0.418713	438.605743
4376.972653	1.514238	0.418713	1869.560791
4376.973719	1.502465	0.418713	3471.187988
4376.974666	1.462646	0.418713	4856.314453
4376.975533	1.426758	0.418713	6093.313477
4376.976591	1.385863	0.418713	7559.556641
4376.977596	1.347792	0.418713	8914.086914
4376.978488	1.315393	0.418713	10087.417969
4376.979463	0.765666	0.418713	10833.942383
4376.980507	0.090546	0.418713	10928.471680
4376.981420	0.085961	0.418713	11006.954102
4376.982275	0.086012	0.418713	11080.494141
4376.983349	0.086071	0.418713	11172.933594
4376.984349	0.085920	0.418713	11258.853516
4376.985218	0.085968	0.418713	11333.559570
4376.986187	0.086001	0.418713	11416.894531
4376.987232	0.085935	0.418713	11506.696289
4376.988140	0.085964	0.418713	11584.751953
4376.989003	0.085942	0.418713	11658.919922
4378.001848	1.021956	0.416312	431.265259
4378.002838	1.516578	0.416312	1932.677856
4378.003901	1.501359	0.416312	3528.622070
4378.004804	1.462833	0.416312	4849.560547
4378.005672	1.425396	0.416312	6086.803711
4378.006799	1.382860	0.416312	7645.287109
4378.007765	1.347056	0.416312	8946.542969
4378.008634	1.315426	0.416312	10089.648437
4378.009666	0.696566	0.416312	10808.504883
4378.010696	0.088597	0.416312	10899.759766
4378.011585	0.085876	0.416312	10976.103516
4378.012509	0.085931	0.416312	11055.503906
4378.013573	0.086008	0.416312	11147.016602
4378.014514	0.085924	0.416312	11227.871094
4378.015376	0.085994	0.416312	11301.998047
4378.016419	0.085986	0.416312	11391.681641
4378.017432	0.085873	0.416312	11478.670898
4378.018311	0.085851	0.416312	11554.133789
4378.019266	0.086038	0.416312	11636.299805
4379.030536	1.091034	0.421710	545.516968
4379.031417	1.520006	0.421710	1884.642334
4379.032324	1.507460	0.421710	3251.908203
4379.033426	1.462137	0.421710	4863.183594
4379.034385	1.423381	0.421710	6228.206055
4379.035257	1.388661	0.421710	7439.118164
4379.036307	1.349443	0.421710	8856.033203
4379.037325	1.312577	0.421710	10192.236328
4379.038226	0.759540	0.421710	10876.582031
4379.039192	0.095306	0.421710	10968.648437
4379.040239	0.085935	0.421710	11058.622070
4379.041161	0.085869	0.421710	11137.792969
4379.042020	0.085942	0.421710	11211.617187
4379.043063	0.085950	0.421710	11301.262695
4379.044081	0.085869	0.421710	11388.677734
4379.044959	0.085876	0.421710	11464.077148
4379.045926	0.085939	0.421710	11547.179687
4379.046974	0.085847	0.421710	11637.147461
4379.047879	0.085917	0.421710	11714.902344
4380.059061	1.031012	0.415075	433.025024
4380.060148	1.522046	0.415075	2087.488770
4380.061087	1.502106	0.415075	3497.966064
4380.061957	1.464437	0.415075	4772.026367
4380.063028	1.421733	0.415075	6294.703125
4380.064026	1.382483	0.415075	7674.420898
4380.064913	1.349410	0.415075	8871.347656
4380.065918	1.313745	0.415075	10191.661133
4380.066964	0.597393	0.415075	10816.534180
4380.067866	0.088817	0.415075	10896.647461
4380.068722	0.085931	0.415075	10970.205078
4380.069812	0.085946	0.415075	11063.886719
4380.070810	0.085917	0.415075	11149.631836
4380.071686	0.085935	0.415075	11224.911133
4380.072676	0.085968	0.415075	11310.019531
4380.073738	0.085990	0.415075	11401.340820
4380.074606	0.085876	0.415075	11475.881836
4380.075481	0.086008	0.415075	11551.138672
4380.076581	0.086093	0.415075	11645.840820
4381.090310	1.085050	0.422282	539.269836
4381.091192	1.519834	0.422282	1879.763428
4381.092056	1.510309	0.422282	3184.670410
4381.093094	1.466770	0.422282	4707.177734
4381.094071	1.426846	0.422282	6101.206055
4381.094943	1.392231	0.422282	7315.231934
4381.095804	1.357874	0.422282	8484.361328
4381.096913	1.319670	0.422282	9947.875977
4381.097811	0.992029	0.422282	10838.717773
4381.098676	0.124142	0.422282	10946.100586
4381.099678	0.085946	0.422282	11032.218750
4381.100670	0.085887	0.422282	11117.418945
4381.101551	0.085891	0.422282	11193.088867
4381.102407	0.086016	0.422282	11266.717773
4381.103503	0.085953	0.422282	11360.922852
4381.104407	0.085891	0.422282	11438.568359
4381.105283	0.085928	0.422282	11513.840820
4381.106261	0.086034	0.422282	11597.982422
4381.107265	0.085917	0.422282	11684.243164
4382.116393	1.080732	0.424989	580.353333
4382.117368	1.523522	0.424989	2065.786865
4382.118292	1.503190	0.424989	3454.734131
4382.119160	1.465778	0.424989	4727.029297
4382.120191	1.423887	0.424989	6195.056641
4382.121096	1.387998	0.424989	7451.194824
4382.121970	1.354874	0.424989	8635.355469
4382.122858	1.321813	0.424989	9809.125000
4382.123900	0.940514	0.424989	10789.140625
4382.124794	0.108951	0.424989	10886.542969
4382.125667	0.085811	0.424989	10961.456055
4382.126678	0.086012	0.424989	11048.414062
4382.127592	0.085986	0.424989	11127.005859
4382.128509	0.085994	0.424989	11205.862305
4382.129373	0.085909	0.424989	11280.087891
4382.130417	0.085906	0.424989	11369.773437
4382.131290	0.085939	0.424989	11444.797852
4382.132163	0.085913	0.424989	11519.799805
4382.133124	0.086001	0.424989	11602.446289
4383.149496	1.028093	0.431588	434.883423
4383.150490	1.520988	0.431588	1946.744995
4383.151383	1.507679	0.431588	3293.102783
4383.152255	1.470791	0.431588	4575.632812
4383.153268	1.430295	0.431588	6024.521973
4383.154183	1.392664	0.431588	7298.809082
4383.155112	1.358145	0.431588	8560.525391
4383.155976	1.325127	0.431588	9705.435547
4383.157005	1.058782	0.431588	10794.921875
4383.157907	0.138772	0.431588	10920.093750
4383.158784	0.085789	0.431588	10995.330078
4383.159754	0.085972	0.431588	11078.722656
4383.160703	0.085880	0.431588	11160.222656
4383.161618	0.085865	0.431588	11238.790039
4383.162481	0.085858	0.431588	11312.885742
4383.163503	0.085920	0.431588	11400.696289
4383.164385	0.085924	0.431588	11476.481445
4383.165257	0.085829	0.431588	11551.324219
4383.166183	0.085898	0.431588	11630.866211
4384.175073	1.072262	0.433626	482.517883
4384.175950	1.516908	0.433626	1812.846191
4384.176936	1.507676	0.433626	3299.414551
4384.177821	1.469392	0.433626	4599.826660
4384.178700	1.433558	0.433626	5859.924316
4384.179670	1.395560	0.433626	7213.617676
4384.180606	1.359210	0.433626	8485.838867
4384.181531	1.325804	0.433626	9712.208008
4384.182407	1.182847	0.433626	10748.381836
4384.183450	0.142002	0.433626	10896.490234
4384.184357	0.085833	0.433626	10974.339844
4384.185237	0.085939	0.433626	11049.965820
4384.186170	0.086038	0.433626	11130.239258
4384.187161	0.085865	0.433626	11215.332031
4384.188091	0.085840	0.433626	11295.163086
4384.188952	0.085865	0.433626	11369.093750
4384.190017	0.085972	0.433626	11460.653320
4384.190896	0.085898	0.433626	11536.158203
4384.191766	0.085887	0.433626	11610.879883
4385.208897	1.146116	0.441848	634.948059
4385.209959	1.524152	0.441848	2253.596924
4385.210841	1.499623	0.441848	3576.264160
4385.211771	1.460083	0.441848	4934.141602
4385.212853	1.416716	0.441848	6467.028320
4385.213796	1.379674	0.441848	7768.061035
4385.214713	1.345518	0.441848	9001.900391
4385.215585	1.313855	0.441848	10147.582031
4385.216533	0.770376	0.441848	10877.898437
4385.217464	0.092062	0.441848	10963.608398
4385.218379	0.085789	0.441848	11042.104492
4385.219240	0.085825	0.441848	11116.000000
4385.220278	0.085844	0.441848	11205.105469
4385.221205	0.085858	0.441848	11284.696289
4385.222128	0.085814	0.441848	11363.902344
4385.222989	0.085858	0.441848	11437.826172
4385.223978	0.085851	0.441848	11522.732422
4385.224904	0.085818	0.441848	11602.200195
4385.225762	0.085939	0.441848	11675.935547
4386.230721	1.029836	0.453771	437.680481
4386.231640	1.513660	0.453771	1828.733643
4386.232698	1.503629	0.453771	3419.573242
4386.233648	1.463851	0.453771	4810.231934
4386.234515	1.427878	0.453771	6048.202637
4386.235561	1.386896	0.453771	7498.895508
4386.236596	1.348169	0.453771	8894.250000
4386.237483	1.315843	0.453771	10061.403320
4386.238449	0.790455	0.453771	10824.983398
4386.239517	0.090586	0.453771	10921.729492
4386.240437	0.085876	0.453771	11000.736328
4386.241296	0.085876	0.453771	11074.503906
4386.242351	0.085979	0.453771	11165.211914
4386.243356	0.085825	0.453771	11251.465820
4386.244240	0.085814	0.453771	11327.325195
4386.245202	0.085902	0.453771	11409.962891
4386.246262	0.085928	0.453771	11501.045898
4386.247180	0.085847	0.453771	11579.853516
4386.248041	0.085902	0.453771	11653.815430
4387.268025	1.048330	0.448168	444.491943
4387.269124	1.521841	0.448168	2116.995117
4387.270112	1.499374	0.448168	3598.376465
4387.270984	1.462225	0.448168	4873.437012
4387.272029	1.419668	0.448168	6356.990234
4387.273080	1.378857	0.448168	7806.169434
4387.273980	1.345041	0.448168	9016.707031
4387.274910	1.311244	0.448168	10236.164062
4387.275996	0.509843	0.448168	10789.853516
4387.276935	0.086942	0.448168	10871.492187
4387.277803	0.085909	0.448168	10946.061523
4387.278863	0.086016	0.448168	11037.238281
4387.279870	0.085979	0.448168	11123.819336
4387.280761	0.085931	0.448168	11200.383789
4387.281715	0.086030	0.448168	11282.457031
4387.282755	0.086030	0.448168	11371.928711
4387.283678	0.085898	0.448168	11451.212891
4387.284541	0.085931	0.448168	11525.372070
4387.285598	0.086049	0.448168	11616.325195
4388.290005	1.048605	0.456837	467.677704
4388.290867	1.515740	0.456837	1774.245361
4388.291865	1.506987	0.456837	3278.218750
4388.292920	1.463265	0.456837	4821.963867
4388.293816	1.426216	0.456837	6099.853027
4388.294717	1.389602	0.456837	7351.884277
4388.295811	1.349366	0.456837	8828.090820
4388.296769	1.314587	0.456837	10087.465820
4388.297647	0.881693	0.456837	10861.592773
4388.298672	0.095577	0.456837	10959.559570
4388.299706	0.085807	0.456837	11048.284180
4388.300597	0.085789	0.456837	11124.721680
4388.301542	0.085862	0.456837	11205.861328
4388.302600	0.085887	0.456837	11296.730469
4388.303539	0.085792	0.456837	11377.289062
4388.304401	0.085818	0.456837	11451.263672
4388.305452	0.085950	0.456837	11541.596680
4388.306465	0.085829	0.456837	11628.541016
4388.307349	0.085785	0.456837	11704.375000
4389.326788	1.037779	0.457687	447.282928
4389.327660	1.514835	0.457687	1768.219238
4389.328724	1.504750	0.457687	3369.272949
4389.329738	1.461969	0.457687	4851.709473
4389.330633	1.425505	0.457687	6127.536621
4389.331600	1.388035	0.457687	7469.766113
4389.332647	1.348440	0.457687	8881.583008
4389.333567	1.314884	0.457687	10091.276367
4389.334439	0.863679	0.457687	10844.404297
4389.335527	0.092219	0.457687	10944.739258
4389.336521	0.085844	0.457687	11030.067383
4389.337411	0.085895	0.457687	11106.513672
4389.338396	0.085964	0.457687	11191.188477
4389.339418	0.085939	0.457687	11279.017578
4389.340315	0.085964	0.457687	11356.127930
4389.341176	0.085935	0.457687	11430.118164
4389.342270	0.086041	0.457687	11524.247070
4389.343236	0.085891	0.457687	11607.217773
4389.344093	0.085873	0.457687	11680.810547
4390.346213	1.073064	0.468841	501.120880
4390.347097	1.517966	0.468841	1843.003174
4390.347962	1.510463	0.468841	3149.553223
4390.349041	1.465917	0.468841	4731.277344
4390.349983	1.427168	0.468841	6075.669434
4390.350865	1.392268	0.468841	7303.649902
4390.351838	1.356207	0.468841	8623.239258
4390.352869	1.318469	0.468841	9982.581055
4390.353764	0.980153	0.468841	10859.817383
4390.354620	0.121384	0.468841	10963.722656
4390.355677	0.085880	0.468841	11054.498047
4390.356608	0.085862	0.468841	11134.435547
4390.357483	0.085792	0.468841	11209.503906
4390.358414	0.085891	0.468841	11289.468750
4390.359458	0.085924	0.468841	11379.173828
4390.360351	0.085844	0.468841	11455.832031
4390.361213	0.085884	0.468841	11529.864258
4390.362251	0.086027	0.468841	11619.160156
4390.363220	0.085811	0.468841	11702.310547
4391.387077	1.041116	0.467460	450.803131
4391.387949	1.515161	0.467460	1772.023682
4391.388932	1.508412	0.467460	3254.792480
4391.389893	1.467378	0.467460	4664.942383
4391.390821	1.430013	0.467460	5991.995117
4391.391686	1.394586	0.467460	7198.312012
4391.392728	1.356270	0.467460	8611.544922
4391.393613	1.323699	0.467460	9783.018555
4391.394481	1.162405	0.467460	10791.986328
4391.395429	0.177440	0.467460	10960.199219
4391.396405	0.085737	0.467460	11043.878906
4391.397280	0.085854	0.467460	11119.001953
4391.398151	0.085917	0.467460	11193.834961
4391.399243	0.085964	0.467460	11287.708008
4391.400145	0.085844	0.467460	11365.138672
4391.401009	0.085869	0.467460	11439.330078
4391.402076	0.086008	0.467460	11531.100586
4391.403053	0.085909	0.467460	11615.034180
4391.403923	0.085898	0.467460	11689.765625
4392.403397	1.026808	0.474163	443.580963
4392.404270	1.514462	0.474163	1765.705933
4392.405162	1.510203	0.474163	3112.806641
4392.406182	1.468575	0.474163	4610.753906
4392.407072	1.432145	0.474163	5885.362793
4392.407960	1.396963	0.474163	7125.865723
4392.408959	1.359587	0.474163	8484.093750
4392.409890	1.324633	0.474163	9717.327148
4392.410816	1.146365	0.474163	10778.861328
4392.411688	0.172072	0.474163	10928.907227
4392.412724	0.085803	0.474163	11017.799805
4392.413609	0.085854	0.474163	11093.781250
4392.414482	0.085924	0.474163	11168.792969
4392.415469	0.085942	0.474163	11253.618164
4392.416410	0.085844	0.474163	11334.396484
4392.417313	0.085887	0.474163	11411.953125
4392.418190	0.085979	0.474163	11487.356445
4392.419216	0.085942	0.474163	11575.533203
4392.420105	0.085865	0.474163	11651.867187
4393.446841	1.025482	0.481124	432.753479
4393.447823	1.514465	0.481124	1919.958496
4393.448882	1.501263	0.481124	3509.796387
4393.449803	1.461874	0.481124	4856.182129
4393.450675	1.425154	0.481124	6098.916016
4393.451759	1.383699	0.481124	7598.845703
4393.452755	1.346027	0.481124	8939.488281
4393.453648	1.314122	0.481124	10113.000000
4393.454650	0.706611	0.481124	10821.024414
4393.455680	0.088989	0.481124	10912.683594
4393.456572	0.085950	0.481124	10989.350586
4393.457489	0.085825	0.481124	11068.052734
4393.458363	0.085833	0.481124	11143.070312
4393.459344	0.085909	0.481124	11227.347656
4393.460250	0.085913	0.481124	11305.184570
4393.461134	0.085891	0.481124	11381.112305
4393.462089	0.085902	0.481124	11463.148437
4393.463024	0.085906	0.481124	11543.470703
4393.463949	0.085942	0.481124	11622.967773
4394.460103	1.035494	0.472282	446.298065
4394.461087	1.515249	0.472282	1937.303101
4394.462146	1.501117	0.472282	3526.985840
4394.463056	1.462225	0.472282	4857.610840
4394.463920	1.425579	0.472282	6089.310547
4394.465002	1.384384	0.472282	7587.213379
4394.466007	1.346444	0.472282	8940.389648
4394.466887	1.314456	0.472282	10097.110352
4394.467893	0.704180	0.472282	10805.515625
4394.468944	0.088770	0.472282	10898.812500
4394.469840	0.085891	0.472282	10975.770508
4394.470703	0.085994	0.472282	11049.983398
4394.471803	0.086085	0.472282	11144.676758
4394.472770	0.085964	0.472282	11227.804687
4394.473638	0.086060	0.472282	11302.503906
4394.474644	0.086202	0.472282	11389.223633
4394.475684	0.085997	0.472282	11478.661133
4394.476577	0.086016	0.472282	11555.472656
4394.477489	0.086030	0.472282	11633.932617
4395.506125	1.039167	0.491521	457.233643
4395.506993	1.514769	0.491521	1772.053345
4395.508049	1.505068	0.491521	3361.405518
4395.509068	1.462328	0.491521	4851.517578
4395.509947	1.425879	0.491521	6104.865234
4395.510923	1.387515	0.491521	7459.079590
4395.512002	1.347576	0.491521	8913.114258
4395.512903	1.314126	0.491521	10097.141602
4395.513783	0.846467	0.491521	10842.033203
4395.514870	0.091611	0.491521	10941.614258
4395.515853	0.085829	0.491521	11025.984375
4395.516740	0.085833	0.491521	11102.118164
4395.517715	0.085891	0.491521	11185.862305
4395.518770	0.085939	0.491521	11276.527344
4395.519672	0.085924	0.491521	11354.031250
4395.520535	0.085869	0.491521	11428.136719
4395.521629	0.085931	0.491521	11522.145508
4395.522578	0.085800	0.491521	11603.569336
4395.523463	0.085895	0.491521	11679.585937
4396.516288	1.033964	0.458279	440.468475
4396.517152	1.513557	0.458279	1748.181763
4396.518270	1.502996	0.458279	3428.530762
4396.519236	1.462610	0.458279	4841.412109
4396.520105	1.426967	0.458279	6081.446289
4396.521172	1.384775	0.458279	7559.001465
4396.522215	1.346071	0.458279	8962.953125
4396.523112	1.313452	0.458279	10141.119141
4396.524078	0.740284	0.458279	10856.234375
4396.525118	0.089264	0.458279	10949.068359
4396.526062	0.085902	0.458279	11030.160156
4396.526926	0.085924	0.458279	11104.398437
4396.527987	0.086027	0.458279	11195.672852
4396.528997	0.085946	0.458279	11282.478516
4396.529880	0.085961	0.458279	11358.381836
4396.530868	0.086041	0.458279	11443.390625
4396.531908	0.086023	0.458279	11532.854492
4396.532816	0.085862	0.458279	11610.817383
4396.533671	0.085983	0.458279	11684.333008
4397.565908	1.049410	0.492391	459.641785
4397.566774	1.514963	0.492391	1771.600098
4397.567828	1.504918	0.492391	3357.783936
4397.568852	1.461823	0.492391	4854.690430
4397.569737	1.425597	0.492391	6116.343750
4397.570716	1.387723	0.492391	7474.924805
4397.571774	1.347671	0.492391	8900.760742
4397.572696	1.314137	0.492391	10112.394531
4397.573562	0.858237	0.492391	10855.627930
4397.574625	0.093479	0.492391	10954.996094
4397.575635	0.085873	0.492391	11041.727539
4397.576499	0.085895	0.492391	11115.940430
4397.577472	0.086012	0.492391	11199.629883
4397.578528	0.086012	0.492391	11290.458984
4397.579426	0.085895	0.492391	11367.592773
4397.580294	0.085931	0.492391	11442.181641
4397.581372	0.085942	0.492391	11534.827148
4397.582364	0.085972	0.492391	11620.111328
4397.583256	0.085902	0.492391	11696.736328
4398.574629	1.119807	0.445924	577.820496
4398.575599	1.523467	0.445924	2055.583252
4398.576477	1.504644	0.445924	3376.660156
4398.577507	1.461577	0.445924	4882.084473
4398.578558	1.419247	0.445924	6373.712891
4398.579446	1.383538	0.445924	7602.294434
4398.580321	1.349652	0.445924	8783.240234
4398.581417	1.311259	0.445924	10220.379883
4398.582382	0.654792	0.445924	10852.254883
4398.583242	0.091271	0.445924	10930.748047
4398.584283	0.085975	0.445924	11020.248047
4398.585332	0.085909	0.445924	11110.367187
4398.586200	0.085895	0.445924	11184.923828
4398.587107	0.085946	0.445924	11262.876953
4398.588173	0.085994	0.445924	11354.545898
4398.589115	0.085873	0.445924	11435.438477
4398.589978	0.085844	0.445924	11509.521484
4398.591007	0.085913	0.445924	11597.925781
4398.592041	0.085887	0.445924	11686.733398
4399.624235	1.120349	0.486030	582.581543
4399.625274	1.523401	0.486030	2165.395020
4399.626160	1.501414	0.486030	3495.647461
4399.627115	1.461306	0.486030	4891.194824
4399.628173	1.418372	0.486030	6391.832031
4399.629099	1.381553	0.486030	7671.149902
4399.629967	1.348429	0.486030	8841.585937
4399.631005	1.311105	0.486030	10202.512695
4399.632026	0.579291	0.486030	10793.968750
4399.632915	0.088912	0.486030	10873.011719
4399.633884	0.085887	0.486030	10956.236328
4399.634929	0.085975	0.486030	11046.080078
4399.635844	0.085869	0.486030	11124.650391
4399.636704	0.085928	0.486030	11198.547852
4399.637783	0.085975	0.486030	11291.315430
4399.638765	0.085902	0.486030	11375.670898
4399.639659	0.085920	0.486030	11452.483398
4399.640631	0.085953	0.486030	11536.030273
4399.641671	0.085972	0.486030	11625.440430
4400.632768	1.031404	0.440792	441.440826
4400.633629	1.513956	0.440792	1744.957031
4400.634692	1.504896	0.440792	3344.661621
4400.635636	1.465309	0.440792	4727.913086
4400.636515	1.429402	0.440792	5984.357422
4400.637476	1.391774	0.440792	7321.852051
4400.638508	1.352490	0.440792	8717.622070
4400.639407	1.320011	0.440792	9904.312500
4400.640273	1.037717	0.440792	10802.975586
4400.641361	0.104213	0.440792	10916.359375
4400.642301	0.085876	0.440792	10997.083008
4400.643165	0.085994	0.440792	11071.381836
4400.644221	0.086147	0.440792	11162.353516
4400.645230	0.085924	0.440792	11249.050781
4400.646108	0.085950	0.440792	11324.514648
4400.647084	0.086067	0.440792	11408.515625
4400.648121	0.085939	0.440792	11497.633789
4400.649036	0.085913	0.440792	11576.244141
4400.649897	0.085928	0.440792	11650.227539
4401.682882	1.029642	0.477264	436.568298
4401.683770	1.513550	0.477264	1780.600586
4401.684887	1.502974	0.477264	3459.421875
4401.685788	1.464280	0.477264	4778.737793
4401.686651	1.428673	0.477264	6011.682617
4401.687701	1.387280	0.477264	7468.327148
4401.688668	1.350769	0.477264	8774.520508
4401.689548	1.318696	0.477264	9934.973633
4401.690413	0.949684	0.477264	10756.450195
4401.691537	0.098342	0.477264	10866.987305
4401.692435	0.085909	0.477264	10944.133789
4401.693296	0.085994	0.477264	11018.174805
4401.694351	0.086107	0.477264	11109.017578
4401.695323	0.085928	0.477264	11192.539062
4401.696202	0.085994	0.477264	11268.127930
4401.697060	0.085957	0.477264	11341.878906
4401.698164	0.086093	0.477264	11436.924805
4401.699052	0.085953	0.477264	11513.250977
4401.699920	0.085935	0.477264	11587.842773
4402.691125	1.113798	0.448647	610.361145
4402.692077	1.523016	0.448647	2060.272705
4402.692993	1.502849	0.448647	3436.882324
4402.693870	1.465096	0.448647	4721.771973
4402.694923	1.422905	0.448647	6220.091309
4402.695821	1.387339	0.448647	7465.921875
4402.696696	1.354164	0.448647	8650.815430
4402.697632	1.320575	0.448647	9886.873047
4402.698626	0.943993	0.448647	10825.202148
4402.699539	0.107688	0.448647	10923.521484
4402.700412	0.085778	0.448647	10998.405273
4402.701428	0.085994	0.448647	11085.774414
4402.702308	0.085833	0.448647	11161.306641
4402.703227	0.085917	0.448647	11240.263672
4402.704100	0.086008	0.448647	11315.348633
4402.705130	0.085778	0.448647	11403.699219
4402.706019	0.085917	0.448647	11480.079102
4402.706889	0.085858	0.448647	11554.775391
4402.707872	0.085946	0.448647	11639.260742
4403.740109	1.052355	0.475931	456.721924
4403.740980	1.514883	0.475931	1776.184814
4403.741954	1.507291	0.475931	3244.286621
4403.742881	1.468802	0.475931	4605.866211
4403.743765	1.431951	0.475931	5871.710449
4403.744810	1.391261	0.475931	7325.578125
4403.745724	1.356614	0.475931	8565.523437
4403.746654	1.322816	0.475931	9795.742187
4403.747520	1.134280	0.475931	10778.028320
4403.748517	0.134996	0.475931	10912.620117
4403.749428	0.085745	0.475931	10990.733398
4403.750299	0.085811	0.475931	11065.474609
4403.751313	0.085898	0.475931	11152.575195
4403.752191	0.085854	0.475931	11227.955078
4403.753095	0.085902	0.475931	11305.610352
4403.753972	0.085913	0.475931	11380.956055
4403.754993	0.085917	0.475931	11468.676758
4403.755886	0.085869	0.475931	11545.357422
4403.756760	0.085906	0.475931	11620.439453
4404.748758	1.052714	0.458686	466.352142
4404.749621	1.514773	0.458686	1773.601196
4404.750690	1.503281	0.458686	3380.608887
4404.751666	1.462152	0.458686	4807.669434
4404.752557	1.426187	0.458686	6078.401367
4404.753563	1.386779	0.458686	7473.500488
4404.754621	1.347396	0.458686	8899.045898
4404.755515	1.314514	0.458686	10074.221680
4404.756438	0.811542	0.458686	10823.274414
4404.757523	0.090564	0.458686	10921.536133
4404.758470	0.085818	0.458686	11002.805664
4404.759333	0.085920	0.458686	11076.955078
4404.760377	0.085942	0.458686	11166.678711
4404.761411	0.085917	0.458686	11255.516602
4404.762299	0.085972	0.458686	11331.859375
4404.763241	0.085957	0.458686	11412.831055
4404.764283	0.085906	0.458686	11502.344727
4404.765212	0.085854	0.458686	11582.103516
4404.766073	0.085964	0.458686	11656.119141
4405.798336	1.028141	0.476761	441.072449
4405.799224	1.515329	0.476761	1786.685059
4405.800273	1.504255	0.476761	3364.648926
4405.801305	1.461064	0.476761	4872.467285
4405.802199	1.424425	0.476761	6145.903320
4405.803151	1.387570	0.476761	7466.869629
4405.804199	1.347671	0.476761	8879.228516
4405.805143	1.313529	0.476761	10119.200195
4405.806014	0.850280	0.476761	10859.793945
4405.807076	0.092512	0.476761	10958.041992
4405.808085	0.085920	0.476761	11044.735352
4405.808958	0.085818	0.476761	11119.654297
4405.809948	0.086005	0.476761	11204.798828
4405.810983	0.085939	0.476761	11293.745117
4405.811887	0.085829	0.476761	11371.333984
4405.812743	0.085913	0.476761	11444.875977
4405.813835	0.086012	0.476761	11538.800781
4405.814821	0.085840	0.476761	11623.438477
4405.815692	0.085865	0.476761	11698.227539
4406.806587	1.124872	0.471589	624.303894
4406.807643	1.523119	0.471589	2232.717285
4406.808543	1.498568	0.471589	3581.428711
4406.809411	1.460464	0.471589	4849.111328
4406.810504	1.417621	0.471589	6398.570801
4406.811483	1.379707	0.471589	7749.304199
4406.812345	1.346730	0.471589	8910.185547
4406.813349	1.310475	0.471589	10225.902344
4406.814431	0.530526	0.471589	10799.931641
4406.815304	0.087634	0.471589	10876.436523
4406.816167	0.085909	0.471589	10950.576172
4406.817275	0.085986	0.471589	11045.848633
4406.818233	0.085833	0.471589	11128.076172
4406.819097	0.085833	0.471589	11202.235352
4406.820113	0.086019	0.471589	11289.630859
4406.821149	0.085884	0.471589	11378.606445
4406.822042	0.085873	0.471589	11455.291016
4406.822967	0.085887	0.471589	11534.737305
4406.824030	0.086023	0.471589	11626.179687
4407.856053	1.045360	0.483452	438.005890
4407.857170	1.521746	0.483452	2137.795654
4407.858129	1.499348	0.483452	3575.670410
4407.858999	1.462181	0.483452	4847.768066
4407.860031	1.420232	0.483452	6313.447266
4407.861075	1.379744	0.483452	7753.899414
4407.861969	1.346085	0.483452	8957.299805
4407.862906	1.312522	0.483452	10187.132812
4407.863981	0.568737	0.483452	10798.524414
4407.864914	0.087561	0.483452	10880.218750
4407.865778	0.085785	0.483452	10954.336914
4407.866836	0.085979	0.483452	11045.302734
4407.867832	0.085811	0.483452	11130.770508
4407.868713	0.085818	0.483452	11206.375977
4407.869679	0.085942	0.483452	11289.396484
4407.870721	0.085953	0.483452	11378.959961
4407.871631	0.085836	0.483452	11457.071289
4407.872487	0.085873	0.483452	11530.578125
4407.873544	0.085946	0.483452	11621.422852
4408.864716	1.039490	0.481655	453.217529
4408.865586	1.514660	0.481655	1770.971313
4408.866621	1.505123	0.481655	3328.773926
4408.867654	1.462116	0.481655	4839.139160
4408.868552	1.425176	0.481655	6118.947266
4408.869500	1.388346	0.481655	7435.099121
4408.870562	1.348326	0.481655	8867.021484
4408.871496	1.314324	0.481655	10094.599609
4408.872372	0.868473	0.481655	10855.381836
4408.873422	0.093611	0.481655	10953.672852
4408.874421	0.085924	0.481655	11039.510742
4408.875298	0.085953	0.481655	11114.891602
4408.876275	0.086107	0.481655	11199.018555
4408.877301	0.086001	0.481655	11287.255859
4408.878215	0.085887	0.481655	11365.756836
4408.879072	0.085964	0.481655	11439.428711
4408.880142	0.086016	0.481655	11531.465820
4408.881145	0.085953	0.481655	11617.676758
4408.882012	0.085961	0.481655	11692.205078
4409.913890	1.125308	0.485289	593.037170
4409.914806	1.521804	0.485289	1987.009766
4409.915680	1.505193	0.485289	3302.548340
4409.916749	1.461211	0.485289	4864.583008
4409.917749	1.420470	0.485289	6285.052734
4409.918647	1.385416	0.485289	7529.156250
4409.919647	1.348268	0.485289	8877.423828
4409.920701	1.310182	0.485289	10258.355469
4409.921611	0.678230	0.485289	10875.544922
4409.922473	0.092069	0.485289	10954.908203
4409.923568	0.086012	0.485289	11049.090820
4409.924534	0.085876	0.485289	11132.047852
4409.925400	0.085873	0.485289	11206.414062
4409.926468	0.085928	0.485289	11298.184570
4409.927494	0.086019	0.485289	11386.440430
4409.928375	0.085979	0.485289	11462.187500
4409.929295	0.085968	0.485289	11541.278320
4409.930351	0.086034	0.485289	11632.129883
4409.931300	0.085920	0.485289	11713.667969
4410.922421	1.022278	0.485744	430.378967
4410.923440	1.517981	0.485744	1977.201660
4410.924417	1.502637	0.485744	3445.277832
4410.925292	1.465386	0.485744	4727.490234
4410.926160	1.428131	0.485744	5967.107910
4410.927271	1.386427	0.485744	7507.428223
4410.928179	1.352069	0.485744	8735.107422
4410.929050	1.320238	0.485744	9885.035156
4410.930113	0.841520	0.485744	10779.570312
4410.931094	0.094427	0.485744	10872.204102
4410.931972	0.085931	0.485744	10947.652344
4410.932827	0.085906	0.485744	11021.101562
4410.933922	0.085950	0.485744	11115.216797
4410.934812	0.085887	0.485744	11191.656250
4410.935679	0.085928	0.485744	11266.155273
4410.936665	0.086005	0.485744	11350.956055
4410.937667	0.085931	0.485744	11437.059570
4410.938555	0.086019	0.485744	11513.444336
4410.939414	0.085990	0.485744	11587.309570
4411.972537	1.037824	0.487484	438.999359
4411.973610	1.520750	0.487484	2070.763672
4411.974547	1.501670	0.487484	3477.828369
4411.975426	1.464346	0.487484	4764.988281
4411.976408	1.424927	0.487484	6164.266602
4411.977434	1.383875	0.487484	7584.122070
4411.978323	1.350623	0.487484	8784.825195
4411.979190	1.318495	0.487484	9927.959961
4411.980290	0.767915	0.487484	10772.666016
4411.981225	0.092399	0.487484	10859.058594
4411.982096	0.085807	0.487484	10933.796875
4411.983058	0.086104	0.487484	11016.628906
4411.984077	0.085869	0.487484	11104.129883
4411.984956	0.085920	0.487484	11179.654297
4411.985813	0.085953	0.487484	11253.316406
4411.986863	0.086023	0.487484	11343.640625
4411.987792	0.085895	0.487484	11423.436523
4411.988659	0.085928	0.487484	11497.935547
4411.989583	0.085928	0.487484	11577.333008
4412.980710	1.081890	0.486256	497.669220
4412.981594	1.517095	0.486256	1838.780884
4412.982467	1.510067	0.486256	3157.069336
4412.983476	1.469026	0.486256	4639.316406
4412.984416	1.429281	0.486256	5982.840820
4412.985339	1.393008	0.486256	7268.586914
4412.986201	1.359379	0.486256	8440.371094
4412.987232	1.322300	0.486256	9803.662109
4412.988142	1.093414	0.486256	10798.668945
4412.989022	0.149612	0.486256	10930.327148
4412.989962	0.085873	0.486256	11011.047852
4412.990929	0.085847	0.486256	11094.062500
4412.991842	0.085920	0.486256	11172.507812
4412.992717	0.085942	0.486256	11247.707031
4412.993751	0.085898	0.486256	11336.526367
4412.994654	0.085895	0.486256	11414.089844
4412.995524	0.085829	0.486256	11488.760742
4412.996386	0.085924	0.486256	11562.827148
4412.997424	0.085895	0.486256	11651.986328
4414.030350	1.090605	0.491613	537.668518
4414.031235	1.519047	0.491613	1882.024658
4414.032102	1.509027	0.491613	3190.351074
4414.032968	1.470139	0.491613	4463.491699
4414.034038	1.428409	0.491613	5991.889648
4414.034932	1.392905	0.491613	7237.146973
4414.035812	1.359683	0.491613	8433.667969
4414.036813	1.323860	0.491613	9758.851562
4414.037741	1.079150	0.491613	10760.302734
4414.038671	0.138186	0.491613	10888.815430
4414.039531	0.085847	0.491613	10962.643555
4414.040547	0.085939	0.491613	11049.957031
4414.041423	0.085968	0.491613	11125.264648
4414.042291	0.085975	0.491613	11199.891602
4414.043251	0.085942	0.491613	11282.396484
4414.044206	0.085865	0.491613	11364.398437
4414.045114	0.085906	0.491613	11442.400391
4414.045993	0.085953	0.491613	11517.953125
4414.047013	0.086082	0.491613	11605.755859
4415.039020	1.099523	0.484375	592.642761
4415.040077	1.522734	0.484375	2202.173096
4415.040984	1.499062	0.484375	3561.822754
4415.041847	1.460988	0.484375	4822.655273
4415.042930	1.418467	0.484375	6358.854980
4415.043934	1.379008	0.484375	7743.378418
4415.044815	1.345979	0.484375	8929.185547
4415.045808	1.310160	0.484375	10230.173828
4415.046885	0.506949	0.484375	10776.158203
4415.047776	0.087235	0.484375	10853.884766
4415.048644	0.085833	0.484375	10928.387695
4415.049757	0.085994	0.484375	11024.098633
4415.050721	0.085865	0.484375	11106.873047
4415.051590	0.085917	0.484375	11181.535156
4415.052603	0.086038	0.484375	11268.691406
4415.053641	0.085913	0.484375	11357.869141
4415.054532	0.085858	0.484375	11434.369141
4415.055416	0.085942	0.484375	11510.341797
4415.056467	0.085931	0.484375	11600.655273
4416.087490	1.033370	0.494538	444.349274
4416.088357	1.514030	0.494538	1757.012817
4416.089443	1.503409	0.494538	3389.715332
4416.090438	1.461445	0.494538	4843.853516
4416.091338	1.424927	0.494538	6126.287598
4416.092319	1.386562	0.494538	7486.505371
4416.093370	1.347272	0.494538	8902.488281
4416.094282	1.313811	0.494538	10100.683594
4416.095155	0.835023	0.494538	10829.659180
4416.096246	0.091930	0.494538	10929.955078
4416.097200	0.085854	0.494538	11011.860352
4416.098074	0.085880	0.494538	11086.919922
4416.099086	0.085990	0.494538	11173.941406
4416.100142	0.085950	0.494538	11264.704102
4416.101018	0.085928	0.494538	11339.976562
4416.101883	0.085968	0.494538	11414.338867
4416.102965	0.086063	0.494538	11507.458984
4416.103932	0.085961	0.494538	11590.583008
4416.104788	0.085924	0.494538	11664.133789
4417.095761	1.167880	0.482106	657.516296
4417.096796	1.523643	0.482106	2234.486328
4417.097681	1.499275	0.482106	3561.344727
4417.098606	1.460127	0.482106	4911.961914
4417.099693	1.416456	0.482106	6451.649902
4417.100622	1.379912	0.482106	7733.588379
4417.101484	1.347144	0.482106	8894.826172
4417.102555	1.309431	0.482106	10297.226562
4417.103576	0.519185	0.482106	10827.314453
4417.104445	0.087902	0.482106	10903.701172
4417.105407	0.085895	0.482106	10986.332031
4417.106449	0.085909	0.482106	11075.849609
4417.107380	0.085811	0.482106	11155.739258
4417.108246	0.085906	0.482106	11230.133789
4417.109300	0.086045	0.482106	11320.825195
4417.110300	0.085840	0.482106	11406.665039
4417.111189	0.085796	0.482106	11482.937500
4417.112153	0.085862	0.482106	11565.708008
4417.113185	0.085964	0.482106	11654.422852
4418.145303	1.081505	0.493684	559.138184
4418.146363	1.522548	0.493684	2173.038574
4418.147290	1.498436	0.493684	3562.089111
4418.148164	1.460713	0.493684	4838.751953
4418.149235	1.417639	0.493684	6357.043457
4418.150242	1.378228	0.493684	7744.918945
4418.151137	1.345228	0.493684	8948.898437
4418.152119	1.310083	0.493684	10235.400391
4418.153182	0.510927	0.493684	10778.515625
4418.154085	0.087253	0.493684	10857.305664
4418.154947	0.085972	0.493684	10931.413086
4418.156045	0.086063	0.493684	11025.910156
4418.157022	0.085811	0.493684	11109.747070
4418.157886	0.085884	0.493684	11183.950195
4418.158976	0.086096	0.493684	11277.794922
4418.160009	0.086041	0.493684	11366.675781
4418.160901	0.085880	0.493684	11443.281250
4418.161825	0.085972	0.493684	11522.718750
4418.162873	0.086052	0.493684	11612.901367
4419.154868	1.040713	0.478364	437.099426
4419.155964	1.521053	0.478364	2104.174072
4419.156936	1.499528	0.478364	3561.714844
4419.157805	1.462595	0.478364	4832.709961
4419.158836	1.420496	0.478364	6297.241211
4419.159890	1.379637	0.478364	7751.378906
4419.160779	1.345865	0.478364	8947.853516
4419.161716	1.312478	0.478364	10177.645508
4419.162782	0.583293	0.478364	10799.436523
4419.163731	0.087543	0.478364	10882.514648
4419.164594	0.085913	0.478364	10956.657227
4419.165638	0.086078	0.478364	11046.522461
4419.166659	0.086023	0.478364	11134.351562
4419.167554	0.085840	0.478364	11211.177734
4419.168512	0.086027	0.478364	11293.590820
4419.169560	0.086038	0.478364	11383.757812
4419.170476	0.085942	0.478364	11462.481445
4419.171340	0.085939	0.478364	11536.732422
4419.172394	0.086049	0.478364	11627.427734
4420.203027	1.102804	0.493092	555.813171
4420.203913	1.519841	0.493092	1902.392578
4420.204785	1.508115	0.493092	3217.468994
4420.205854	1.463115	0.493092	4781.539062
4420.206833	1.423381	0.493092	6175.029297
4420.207707	1.388599	0.493092	7388.664551
4420.208578	1.354318	0.493092	8568.275391
4420.209704	1.315715	0.493092	10049.770508
4420.210617	0.877786	0.493092	10851.188477
4420.211477	0.104905	0.493092	10941.406250
4420.212556	0.085942	0.493092	11034.137695
4420.213530	0.085851	0.493092	11117.756836
4420.214405	0.085887	0.493092	11192.908203
4420.215289	0.085975	0.493092	11268.910156
4420.216377	0.085884	0.493092	11362.351562
4420.217259	0.085924	0.493092	11438.136719
4420.218119	0.085869	0.493092	11511.984375
4420.219205	0.086019	0.493092	11605.401367
4420.220162	0.085807	0.493092	11687.518555
4421.211572	1.026013	0.479279	430.925568
4421.212622	1.520167	0.479279	2027.101074
4421.213563	1.502314	0.479279	3440.778809
4421.214445	1.465159	0.479279	4733.048828
4421.215400	1.426633	0.479279	6095.483398
4421.216432	1.385629	0.479279	7525.452148
4421.217330	1.351908	0.479279	8739.465820
4421.218194	1.319901	0.479279	9879.860352
4421.219253	0.856443	0.479279	10786.833008
4421.220201	0.097500	0.479279	10879.262695
4421.221073	0.085873	0.479279	10954.143555
4421.221995	0.085986	0.479279	11033.422852
4421.223039	0.085902	0.479279	11123.104492
4421.223918	0.085931	0.479279	11198.638672
4421.224776	0.085939	0.479279	11272.374023
4421.225799	0.086030	0.479279	11360.382812
4421.226749	0.085953	0.479279	11442.038086
4421.227623	0.085928	0.479279	11517.138672
4421.228506	0.085909	0.479279	11592.997070
4422.260168	1.040771	0.492282	453.776367
4422.261041	1.514952	0.492282	1776.329834
4422.261903	1.511173	0.492282	3078.960937
4422.262966	1.468165	0.492282	4639.620605
4422.263852	1.431284	0.492282	5907.738281
4422.264732	1.396439	0.492282	7136.604492
4422.265676	1.360422	0.492282	8420.843750
4422.266668	1.324417	0.492282	9734.665039
4422.267578	1.134712	0.492282	10767.252930
4422.268462	0.168574	0.492282	10916.272461
4422.269484	0.085942	0.492282	11004.105469
4422.270392	0.085975	0.492282	11082.170898
4422.271263	0.085884	0.492282	11156.975586
4422.272119	0.085968	0.492282	11230.564453
4422.273173	0.085953	0.492282	11321.159180
4422.274057	0.085884	0.492282	11397.080078
4422.274928	0.085942	0.492282	11471.935547
4422.275924	0.085939	0.492282	11557.530273
4422.276848	0.085928	0.492282	11636.927734
4423.269833	1.049982	0.481357	457.792023
4423.270706	1.515183	0.481357	1780.546875
4423.271720	1.506321	0.481357	3307.956055
4423.272772	1.462595	0.481357	4846.606445
4423.273675	1.424846	0.481357	6133.242676
4423.274578	1.388851	0.481357	7387.375488
4423.275650	1.349022	0.481357	8833.527344
4423.276603	1.314661	0.481357	10086.398437
4423.277474	0.901780	0.481357	10871.848633
4423.278516	0.096742	0.481357	10972.653320
4423.279543	0.085876	0.481357	11060.848633
4423.280419	0.085818	0.481357	11136.025391
4423.281370	0.086038	0.481357	11217.846680
4423.282434	0.085898	0.481357	11309.242187
4423.283366	0.085913	0.481357	11389.313477
4423.284224	0.085986	0.481357	11463.089844
4423.285257	0.085997	0.481357	11551.924805
4423.286274	0.085953	0.481357	11639.339844
4423.287162	0.085913	0.481357	11715.630859
4424.316861	1.031825	0.489684	438.525604
4424.317725	1.513330	0.489684	1746.042847
4424.318841	1.502465	0.489684	3422.793213
4424.319808	1.461899	0.489684	4836.450195
4424.320682	1.426029	0.489684	6082.799805
4424.321724	1.385156	0.489684	7526.132812
4424.322759	1.346499	0.489684	8919.759766
4424.323661	1.313665	0.489684	10104.685547
4424.324617	0.771299	0.489684	10842.046875
4424.325666	0.090187	0.489684	10936.652344
4424.326603	0.085862	0.489684	11017.104492
4424.327465	0.085858	0.489684	11091.114258
4424.328521	0.085979	0.489684	11181.908203
4424.329527	0.085906	0.489684	11268.329102
4424.330403	0.085990	0.489684	11343.656250
4424.331370	0.085942	0.489684	11426.762695
4424.332408	0.086045	0.489684	11516.077148
4424.333321	0.085811	0.489684	11594.421875
4424.334179	0.085975	0.489684	11668.188477
4425.328213	1.166887	0.482099	675.627686
4425.329260	1.523284	0.482099	2270.505859
4425.330143	1.498389	0.482099	3593.583008
4425.331053	1.459438	0.482099	4921.671875
4425.332133	1.416196	0.482099	6451.164062
4425.333089	1.378832	0.482099	7769.327148
4425.333952	1.346334	0.482099	8931.213867
4425.334999	1.308757	0.482099	10301.482422
4425.336031	0.503665	0.482099	10821.264648
4425.336904	0.087601	0.482099	10897.740234
4425.337857	0.085902	0.482099	10979.604492
4425.338907	0.085939	0.482099	11069.839844
4425.339836	0.085833	0.482099	11149.578125
4425.340702	0.085876	0.482099	11223.947266
4425.341748	0.086115	0.482099	11314.023437
4425.342768	0.085953	0.482099	11401.696289
4425.343656	0.085946	0.482099	11478.016602
4425.344607	0.086019	0.482099	11559.821289
4425.345659	0.085972	0.482099	11650.263672
4426.373075	1.052292	0.481595	463.008698
4426.373945	1.514601	0.481595	1780.711426
4426.375015	1.503285	0.481595	3389.226318
4426.376043	1.460160	0.481595	4890.270508
4426.376920	1.424066	0.481595	6139.176758
4426.377900	1.386541	0.481595	7497.986328
4426.378956	1.346583	0.481595	8919.978516
4426.379865	1.313386	0.481595	10113.846680
4426.380733	0.835957	0.481595	10839.457031
4426.381824	0.091597	0.481595	10939.388672
4426.382801	0.085865	0.481595	11023.279297
4426.383693	0.085858	0.481595	11099.865234
4426.384695	0.085986	0.481595	11186.023437
4426.385756	0.085942	0.481595	11277.208008
4426.386643	0.085869	0.481595	11353.374023
4426.387513	0.085898	0.481595	11428.105469
4426.388632	0.086093	0.481595	11524.443359
4426.389603	0.085829	0.481595	11607.783203
4426.390471	0.085913	0.481595	11682.355469
4427.386309	1.034443	0.489764	443.776215
4427.387183	1.514484	0.489764	1767.434937
4427.388050	1.510734	0.489764	3077.240967
4427.389106	1.467946	0.489764	4627.391602
4427.390004	1.430881	0.489764	5912.323242
4427.390878	1.395938	0.489764	7132.372559
4427.391831	1.360272	0.489764	8428.711914
4427.392830	1.323779	0.489764	9751.166992
4427.393759	1.122539	0.489764	10794.005859
4427.394631	0.162726	0.489764	10935.902344
4427.395704	0.085785	0.489764	11027.949219
4427.396579	0.085884	0.489764	11103.097656
4427.397441	0.085847	0.489764	11177.097656
4427.398314	0.085913	0.489764	11252.099609
4427.399357	0.085884	0.489764	11341.676758
4427.400251	0.085880	0.489764	11418.453125
4427.401119	0.085822	0.489764	11492.946289
4427.402107	0.085957	0.489764	11577.872070
4427.403049	0.085913	0.489764	11658.801758
4428.429762	1.039435	0.477957	446.956970
4428.430626	1.513447	0.477957	1754.575439
4428.431732	1.502648	0.477957	3416.503906
4428.432698	1.462028	0.477957	4828.822266
4428.433567	1.426571	0.477957	6068.512695
4428.434615	1.385339	0.477957	7520.348633
4428.435657	1.346536	0.477957	8923.438477
4428.436547	1.314097	0.477957	10092.984375
4428.437493	0.788796	0.477957	10839.185547
4428.438563	0.090670	0.477957	10936.202148
4428.439498	0.085869	0.477957	11016.490234
4428.440358	0.085858	0.477957	11090.328125
4428.441414	0.085833	0.477957	11180.966797
4428.442442	0.085822	0.477957	11269.191406
4428.443310	0.085891	0.477957	11343.745117
4428.444266	0.085979	0.477957	11425.941406
4428.445320	0.085950	0.477957	11516.532227
4428.446243	0.085931	0.477957	11595.846680
4428.447109	0.085931	0.477957	11670.263672
4429.446586	1.022802	0.480612	430.599426
4429.447570	1.514187	0.480612	1920.559326
4429.448626	1.500472	0.480612	3505.058105
4429.449547	1.461207	0.480612	4850.830078
4429.450413	1.424923	0.480612	6084.813477
4429.451488	1.383600	0.480612	7572.183105
4429.452495	1.345774	0.480612	8927.376953
4429.453383	1.313785	0.480612	10094.018555
4429.454391	0.731371	0.480612	10831.240234
4429.455447	0.089604	0.480612	10925.862305
4429.456333	0.085876	0.480612	11001.949219
4429.457192	0.085844	0.480612	11075.688477
4429.458273	0.085931	0.480612	11168.580078
4429.459238	0.085865	0.480612	11251.440430
4429.460094	0.085865	0.480612	11324.941406
4429.461186	0.085917	0.480612	11418.762695
4429.462246	0.085847	0.480612	11509.760742
4429.463117	0.085891	0.480612	11584.572266
4429.464044	0.085968	0.480612	11664.264648
4430.485504	1.102972	0.477901	537.147583
4430.486383	1.518538	0.477901	1871.942017
4430.487330	1.506237	0.477901	3298.348145
4430.488392	1.461526	0.477901	4850.488281
4430.489333	1.423246	0.477901	6189.762695
4430.490196	1.388364	0.477901	7387.920898
4430.491263	1.349224	0.477901	8827.542969
4430.492280	1.312343	0.477901	10162.195312
4430.493169	0.803287	0.477901	10876.317383
4430.494160	0.097207	0.477901	10972.649414
4430.495199	0.085924	0.477901	11061.924805
4430.496097	0.085829	0.477901	11138.999023
4430.496962	0.085829	0.477901	11213.241211
4430.498024	0.085928	0.477901	11304.496094
4430.499012	0.085792	0.477901	11389.258789
4430.499899	0.085906	0.477901	11465.457031
4430.500868	0.085961	0.477901	11548.752930
4430.501917	0.085986	0.477901	11638.952148
4430.502816	0.085778	0.477901	11716.066406
4431.505393	1.083314	0.486876	516.740845
4431.506281	1.518347	0.486876	1865.033081
4431.507223	1.506636	0.486876	3284.283936
4431.508286	1.462086	0.486876	4838.481445
4431.509231	1.423422	0.486876	6183.614746
4431.510101	1.388738	0.486876	7391.816406
4431.511170	1.348964	0.486876	8833.858398
4431.512185	1.312152	0.486876	10165.692383
4431.513074	0.798069	0.486876	10875.175781
4431.514057	0.097042	0.486876	10970.568359
4431.515091	0.085994	0.486876	11059.485352
4431.516002	0.085928	0.486876	11137.765625
4431.516859	0.085913	0.486876	11211.393555
4431.517934	0.085887	0.486876	11303.722656
4431.518928	0.085887	0.486876	11389.094727
4431.519798	0.085811	0.486876	11463.750000
4431.520785	0.086012	0.486876	11548.643555
4431.521835	0.085950	0.486876	11638.890625
4431.522734	0.085920	0.486876	11716.132812
4432.542159	1.057343	0.478630	469.460083
4432.543041	1.516051	0.478630	1806.617065
4432.544044	1.506065	0.478630	3317.199707
4432.545100	1.461962	0.478630	4861.031250
4432.545998	1.424623	0.478630	6140.342773
4432.546862	1.389034	0.478630	7340.468750
4432.547965	1.349311	0.478630	8828.759766
4432.548933	1.314272	0.478630	10100.975586
4432.549801	0.894580	0.478630	10877.470703
4432.550889	0.094069	0.478630	10979.817383
4432.551911	0.085917	0.478630	11067.624023
4432.552792	0.085935	0.478630	11143.333008
4432.553714	0.085997	0.478630	11222.622070
4432.554794	0.086008	0.478630	11315.510742
4432.555720	0.085891	0.478630	11395.045898
4432.556592	0.085986	0.478630	11470.026367
4432.557617	0.085961	0.478630	11558.135742
4432.558635	0.085942	0.478630	11645.625000
4432.559521	0.085957	0.478630	11721.783203
4433.564184	1.109722	0.480286	559.299744
4433.565205	1.522731	0.480286	2114.007812
4433.566106	1.501271	0.480286	3466.652832
4433.567054	1.461709	0.480286	4852.353027
4433.568112	1.418247	0.480286	6352.858398
4433.569058	1.381318	0.480286	7659.585449
4433.569922	1.348121	0.480286	8824.362305
4433.570990	1.310464	0.480286	10223.937500
4433.571990	0.582986	0.480286	10806.923828
4433.572883	0.089114	0.480286	10886.501953
4433.573860	0.085942	0.480286	10970.467773
4433.574902	0.085917	0.480286	11059.993164
4433.575815	0.085876	0.480286	11138.398437
4433.576671	0.085865	0.480286	11211.899414
4433.577767	0.085994	0.480286	11306.148437
4433.578750	0.085829	0.480286	11390.518555
4433.579627	0.085913	0.480286	11465.864258
4433.580623	0.085983	0.480286	11551.502930
4433.581671	0.085968	0.480286	11641.597656
4434.597902	1.100215	0.480801	554.508301
4434.598854	1.521537	0.480801	2003.011353
4434.599731	1.505284	0.480801	3323.145752
4434.600661	1.465917	0.480801	4686.448242
4434.601708	1.423740	0.480801	6177.104492
4434.602593	1.388467	0.480801	7405.897461
4434.603461	1.355420	0.480801	8582.402344
4434.604521	1.317356	0.480801	9978.799805
4434.605480	0.895876	0.480801	10837.945312
4434.606352	0.106663	0.480801	10930.955078
4434.607266	0.085829	0.480801	11009.402344
4434.608333	0.085913	0.480801	11101.071289
4434.609227	0.085887	0.480801	11177.854492
4434.610090	0.085891	0.480801	11251.978516
4434.611104	0.085990	0.480801	11339.171875
4434.612072	0.085865	0.480801	11422.290039
4434.612943	0.085833	0.480801	11497.049805
4434.613820	0.085972	0.480801	11572.447266
4434.614909	0.085994	0.480801	11666.094727
4435.622351	1.061796	0.471025	471.437256
4435.623278	1.517769	0.471025	1878.408691
4435.624145	1.507471	0.471025	3185.385742
4435.625188	1.465576	0.471025	4713.981445
4435.626071	1.428871	0.471025	5975.674316
4435.626950	1.394337	0.471025	7201.296875
4435.627940	1.357163	0.471025	8544.888672
4435.628870	1.322915	0.471025	9775.199219
4435.629757	1.151184	0.471025	10796.299805
4435.630743	0.163385	0.471025	10957.397461
4435.631765	0.085748	0.471025	11045.032227
4435.632653	0.085858	0.471025	11121.274414
4435.633512	0.085895	0.471025	11195.057617
4435.634584	0.085964	0.471025	11287.210937
4435.635504	0.085873	0.471025	11366.213867
4435.636374	0.085800	0.471025	11440.859375
4435.637357	0.086063	0.471025	11525.459961
4435.638364	0.085928	0.471025	11611.989258
4435.639250	0.085917	0.471025	11688.111328
4436.655082	1.079711	0.474787	493.427795
4436.655966	1.516758	0.474787	1834.241699
4436.656836	1.509935	0.474787	3147.885254
4436.657839	1.468173	0.474787	4620.462402
4436.658775	1.428885	0.474787	5957.899414
4436.659698	1.392858	0.474787	7243.506836
4436.660580	1.358635	0.474787	8441.823242
4436.661621	1.321564	0.474787	9817.571289
4436.662516	1.097659	0.474787	10799.975586
4436.663394	0.150692	0.474787	10932.283203
4436.664377	0.085851	0.474787	11016.674805
4436.665333	0.085902	0.474787	11098.796875
4436.666250	0.085913	0.474787	11177.579102
4436.667111	0.085935	0.474787	11251.569336
4436.668147	0.085928	0.474787	11340.590820
4436.669024	0.085873	0.474787	11415.901367
4436.669890	0.085891	0.474787	11490.283203
4436.670811	0.085891	0.474787	11569.388672
4436.671803	0.085909	0.474787	11654.610352
4437.680181	1.134089	0.479875	622.615051
4437.681257	1.523024	0.479875	2261.388428
4437.682156	1.497422	0.479875	3607.570801
4437.683024	1.459219	0.479875	4874.172852
4437.684119	1.416489	0.479875	6425.228516
4437.685087	1.378616	0.479875	7759.728516
4437.685957	1.346169	0.479875	8930.895508
4437.687019	1.308332	0.479875	10320.344727
4437.688061	0.469321	0.479875	10809.377930
4437.688942	0.087191	0.479875	10886.193359
4437.689859	0.085920	0.479875	10964.982422
4437.690924	0.085979	0.479875	11056.549805
4437.691867	0.085836	0.479875	11137.493164
4437.692725	0.085957	0.479875	11211.244141
4437.693742	0.085953	0.479875	11298.659180
4437.694772	0.085928	0.479875	11387.165039
4437.695659	0.085844	0.479875	11463.308594
4437.696570	0.085895	0.479875	11541.558594
4437.697451	0.085924	0.479875	11617.257812
4438.711770	1.051135	0.474006	469.857483
4438.712637	1.515070	0.474006	1783.422852
4438.713675	1.504358	0.474006	3344.946289
4438.714697	1.461672	0.474006	4838.775391
4438.715582	1.425172	0.474006	6100.052734
4438.716541	1.388053	0.474006	7431.195312
4438.717599	1.348253	0.474006	8857.647461
4438.718530	1.314240	0.474006	10081.204102
4438.719400	0.881400	0.474006	10848.022461
4438.720449	0.094270	0.474006	10946.912109
4438.721447	0.085796	0.474006	11032.536133
4438.722331	0.085902	0.474006	11108.473633
4438.723299	0.086001	0.474006	11191.722656
4438.724366	0.085994	0.474006	11283.477539
4438.725285	0.085884	0.474006	11362.404297
4438.726147	0.086016	0.474006	11436.549805
4438.727233	0.086016	0.474006	11529.962891
4438.728218	0.085814	0.474006	11614.490234
4438.729117	0.085862	0.474006	11691.679687
4439.737848	1.080923	0.474719	524.247559
4439.738733	1.518937	0.474719	1868.506592
4439.739656	1.506639	0.474719	3259.134766
4439.740724	1.461976	0.474719	4820.525391
4439.741688	1.422964	0.474719	6192.262695
4439.742555	1.388262	0.474719	7395.885742
4439.743622	1.348506	0.474719	8834.741211
4439.744642	1.311823	0.474719	10172.799805
4439.745532	0.786086	0.474719	10872.416992
4439.746503	0.096614	0.474719	10966.228516
4439.747535	0.085902	0.474719	11054.879883
4439.748451	0.085814	0.474719	11133.485352
4439.749310	0.085961	0.474719	11207.325195
4439.750380	0.085961	0.474719	11299.302734
4439.751387	0.085862	0.474719	11385.765625
4439.752253	0.085876	0.474719	11460.134766
4439.753224	0.085935	0.474719	11543.578125
4439.754276	0.085994	0.474719	11634.042969
4439.755176	0.085924	0.474719	11711.375000
4440.768458	1.050264	0.479818	461.065735
4440.769329	1.514286	0.479818	1780.008789
4440.770430	1.501926	0.479818	3433.629639
4440.771398	1.460907	0.479818	4847.787598
4440.772284	1.425000	0.479818	6110.337402
4440.773313	1.385189	0.479818	7535.697266
4440.774350	1.346587	0.479818	8932.107422
4440.775231	1.314049	0.479818	10089.785156
4440.776130	0.829058	0.479818	10835.108398
4440.777196	0.092347	0.479818	10933.550781
4440.778155	0.085803	0.479818	11015.835937
4440.779012	0.085887	0.479818	11089.441406
4440.780050	0.086034	0.479818	11178.744141
4440.781087	0.085920	0.479818	11267.843750
4440.781960	0.085950	0.479818	11342.877930
4440.782896	0.085935	0.479818	11423.313477
4440.783968	0.085935	0.479818	11515.435547
4440.784911	0.085811	0.479818	11596.354492
4440.785777	0.085931	0.479818	11670.771484
4441.796076	1.055845	0.471838	500.470367
4441.797147	1.521335	0.471838	2129.820557
4441.798102	1.498623	0.471838	3561.005371
4441.798966	1.461819	0.471838	4824.016602
4441.800015	1.419602	0.471838	6313.179199
4441.801037	1.379729	0.471838	7723.262207
4441.801926	1.346305	0.471838	8920.126953
4441.802885	1.312225	0.471838	10178.550781
4441.803933	0.595701	0.471838	10802.844727
4441.804860	0.088180	0.471838	10884.587891
4441.805717	0.085920	0.471838	10958.221680
4441.806755	0.086045	0.471838	11047.536133
4441.807769	0.085895	0.471838	11134.633789
4441.808659	0.085906	0.471838	11211.089844
4441.809619	0.086078	0.471838	11293.724609
4441.810675	0.085968	0.471838	11384.506836
4441.811596	0.085957	0.471838	11463.672852
4441.812461	0.085968	0.471838	11538.035156
4441.813548	0.086030	0.471838	11631.549805
4442.826280	1.114036	0.472829	598.237122
4442.827331	1.522438	0.472829	2198.319336
4442.828246	1.498352	0.472829	3569.311523
4442.829111	1.460222	0.472829	4832.403809
4442.830208	1.417196	0.472829	6387.067871
4442.831193	1.378480	0.472829	7744.871094
4442.832090	1.345225	0.472829	8951.537109
4442.833085	1.309512	0.472829	10254.500977
4442.834151	0.498904	0.472829	10786.332031
4442.835046	0.087173	0.472829	10864.351562
4442.835936	0.085939	0.472829	10940.836914
4442.837019	0.085946	0.472829	11033.916016
4442.837965	0.085880	0.472829	11115.158203
4442.838825	0.085953	0.472829	11189.078125
4442.839863	0.085994	0.472829	11278.339844
4442.840893	0.085891	0.472829	11366.807617
4442.841775	0.085913	0.472829	11442.583008
4442.842713	0.085939	0.472829	11523.193359
4442.843770	0.086019	0.472829	11614.116211
4443.851719	1.040105	0.469135	448.285248
4443.852700	1.514476	0.469135	1933.986572
4443.853755	1.500011	0.469135	3516.498291
4443.854678	1.460684	0.469135	4864.708984
4443.855544	1.424773	0.469135	6098.562500
4443.856612	1.383490	0.469135	7576.129883
4443.857631	1.345503	0.469135	8947.197266
4443.858511	1.313569	0.469135	10103.138672
4443.859496	0.736809	0.469135	10828.895508
4443.860547	0.089498	0.469135	10922.958008
4443.861448	0.085891	0.469135	11000.345703
4443.862303	0.085964	0.469135	11073.845703
4443.863366	0.086104	0.469135	11165.374023
4443.864365	0.085924	0.469135	11251.211914
4443.865248	0.085950	0.469135	11327.105469
4443.866235	0.086082	0.469135	11412.068359
4443.867283	0.085909	0.469135	11502.101562
4443.868184	0.085909	0.469135	11579.505859
4443.869044	0.085917	0.469135	11653.394531
4444.883489	1.114471	0.471548	569.494873
4444.884441	1.521903	0.471548	2018.346558
4444.885306	1.505303	0.471548	3320.433594
4444.886355	1.461475	0.471548	4853.520508
4444.887387	1.419445	0.471548	6318.387695
4444.888273	1.384519	0.471548	7545.071289
4444.889231	1.349117	0.471548	8837.525391
4444.890286	1.310555	0.471548	10220.161133
4444.891218	0.676692	0.471548	10850.837891
4444.892083	0.091981	0.471548	10930.401367
4444.893113	0.086030	0.471548	11019.012695
4444.894125	0.086019	0.471548	11106.064453
4444.895009	0.085975	0.471548	11182.066406
4444.895974	0.085983	0.471548	11265.040039
4444.897019	0.086041	0.471548	11354.953125
4444.897952	0.085836	0.471548	11435.038086
4444.898812	0.086005	0.471548	11509.001953
4444.899895	0.086041	0.471548	11602.184570
4444.900894	0.085909	0.471548	11688.007812
4445.909511	1.065044	0.459894	534.652039
4445.910562	1.522698	0.459894	2135.007324
4445.911453	1.500941	0.459894	3472.345947
4445.912316	1.463990	0.459894	4735.769531
4445.913369	1.421572	0.459894	6232.685059
4445.914330	1.384047	0.459894	7562.753906
4445.915207	1.350696	0.459894	8747.314453
4445.916129	1.317041	0.459894	9961.625977
4445.917221	0.741471	0.459894	10771.312500
4445.918094	0.093959	0.459894	10853.338867
4445.918955	0.085851	0.459894	10927.256836
4445.919972	0.085986	0.459894	11014.705078
4445.920947	0.085884	0.459894	11098.441406
4445.921818	0.085847	0.459894	11173.213867
4445.922680	0.085884	0.459894	11247.246094
4445.923787	0.085964	0.459894	11342.408203
4445.924687	0.085931	0.459894	11419.746094
4445.925552	0.085862	0.459894	11494.016602
4445.926627	0.086005	0.459894	11586.471680
4446.939575	1.041031	0.469800	436.192200
4446.940634	1.521855	0.469800	2047.837158
4446.941534	1.503376	0.469800	3400.875977
4446.942418	1.466012	0.469800	4696.830566
4446.943393	1.426582	0.469800	6087.748047
4446.944339	1.388646	0.469800	7401.407227
4446.945262	1.354135	0.469800	8651.273437
4446.946131	1.322106	0.469800	9800.183594
4446.947180	0.970005	0.469800	10817.718750
4446.948053	0.118345	0.469800	10921.033203
4446.948917	0.085737	0.469800	10995.110352
4446.949859	0.085986	0.469800	11076.109375
4446.950837	0.085902	0.469800	11160.122070
4446.951757	0.085865	0.469800	11239.118164
4446.952631	0.085939	0.469800	11314.228516
4446.953673	0.085887	0.469800	11403.723633
4446.954578	0.085847	0.469800	11481.415039
4446.955447	0.085854	0.469800	11556.022461
4446.956302	0.085972	0.469800	11629.528320
4447.966774	1.120393	0.457659	615.095764
4447.967687	1.521332	0.457659	2004.071777
4447.968599	1.503054	0.457659	3374.857422
4447.969485	1.464880	0.457659	4672.741211
4447.970516	1.423821	0.457659	6140.700684
4447.971418	1.388156	0.457659	7392.816895
4447.972301	1.355197	0.457659	8589.455078
4447.973274	1.320377	0.457659	9874.181641
4447.974241	0.968533	0.457659	10810.752930
4447.975167	0.109874	0.457659	10912.496094
4447.976033	0.085789	0.457659	10986.789062
4447.977068	0.085902	0.457659	11075.697266
4447.977947	0.085898	0.457659	11151.202148
4447.978815	0.085935	0.457659	11225.793945
4447.979754	0.086001	0.457659	11306.548828
4447.980740	0.085865	0.457659	11391.211914
4447.981644	0.085844	0.457659	11468.814453
4447.982529	0.085924	0.457659	11544.857422
4447.983541	0.085979	0.457659	11631.868164
4448.997315	1.029672	0.466924	444.818176
4448.998197	1.514571	0.466924	1780.670166
4448.999068	1.511063	0.466924	3096.806152
4448.999971	1.472574	0.466924	4426.541016
4449.000951	1.432526	0.466924	5830.416016
4449.001875	1.396274	0.466924	7120.573730
4449.002744	1.362404	0.466924	8304.501953
4449.003780	1.325490	0.466924	9677.708984
4449.004666	1.183898	0.466924	10726.642578
4449.005602	0.186478	0.466924	10901.186523
4449.006461	0.085822	0.466924	10974.907227
4449.007455	0.085946	0.466924	11060.337891
4449.008358	0.085931	0.466924	11137.933594
4449.009234	0.085917	0.466924	11213.196289
4449.010246	0.085972	0.466924	11300.199219
4449.011147	0.085935	0.466924	11377.626953
4449.012054	0.085939	0.466924	11455.573242
4449.012928	0.085909	0.466924	11530.658203
4449.013880	0.085961	0.466924	11612.493164
4450.023457	1.120408	0.450351	580.371216
4450.024336	1.519578	0.450351	1916.079956
4450.025252	1.505050	0.450351	3294.705811
4450.026338	1.460233	0.450351	4880.519043
4450.027292	1.421609	0.450351	6236.733887
4450.028154	1.387050	0.450351	7432.370605
4450.029196	1.348261	0.450351	8837.257812
4450.030241	1.310929	0.450351	10207.178711
4450.031122	0.757291	0.450351	10874.352539
4450.032077	0.094995	0.450351	10965.073242
4450.033135	0.085895	0.450351	11055.950195
4450.034064	0.085913	0.450351	11135.763672
4450.034926	0.085961	0.450351	11209.861328
4450.035988	0.086063	0.450351	11301.260742
4450.036987	0.085833	0.450351	11387.007812
4450.037872	0.085906	0.450351	11463.034180
4450.038830	0.085939	0.450351	11545.363281
4450.039884	0.085939	0.450351	11635.942383
4450.040808	0.085865	0.450351	11715.282227
4451.056158	1.112186	0.452365	564.990662
4451.057116	1.521793	0.452365	2022.868408
4451.057978	1.505120	0.452365	3320.281494
4451.059017	1.461423	0.452365	4838.700195
4451.060066	1.419280	0.452365	6327.524902
4451.060941	1.384061	0.452365	7538.578613
4451.061874	1.349176	0.452365	8797.359375
4451.062949	1.310321	0.452365	10205.954102
4451.063895	0.674052	0.452365	10843.606445
4451.064756	0.091959	0.452365	10922.783203
4451.065790	0.086052	0.452365	11011.760742
4451.066817	0.085964	0.452365	11100.045898
4451.067713	0.085917	0.452365	11177.027344
4451.068646	0.085975	0.452365	11257.242187
4451.069700	0.085990	0.452365	11347.875977
4451.070627	0.085928	0.452365	11427.531250
4451.071487	0.085931	0.452365	11501.432617
4451.072552	0.086001	0.452365	11593.023437
4451.073539	0.085895	0.452365	11677.801758
4452.079139	1.121114	0.461123	575.131714
4452.080155	1.523071	0.461123	2122.572266
4452.081041	1.501776	0.461123	3453.145996
4452.082028	1.460402	0.461123	4894.562500
4452.083086	1.417236	0.461123	6393.998535
4452.083995	1.381608	0.461123	7649.879883
4452.084858	1.347744	0.461123	8812.983398
4452.085948	1.309966	0.461123	10240.845703
4452.086945	0.580631	0.461123	10819.735352
4452.087820	0.089037	0.461123	10897.642578
4452.088808	0.086005	0.461123	10982.615234
4452.089877	0.085942	0.461123	11074.487305
4452.090755	0.085964	0.461123	11149.963867
4452.091619	0.085961	0.461123	11224.234375
4452.092714	0.086089	0.461123	11318.501953
4452.093676	0.085953	0.461123	11401.189453
4452.094540	0.085979	0.461123	11475.475586
4452.095542	0.086206	0.461123	11561.854492
4452.096579	0.086019	0.461123	11651.056641
4453.114298	1.023472	0.446210	429.858124
4453.115296	1.515267	0.446210	1942.094971
4453.116351	1.499751	0.446210	3524.332275
4453.117257	1.460955	0.446210	4847.957031
4453.118124	1.424077	0.446210	6082.631836
4453.119239	1.382003	0.446210	7623.565430
4453.120205	1.346074	0.446210	8923.873047
4453.121080	1.314170	0.446210	10073.771484
4453.122165	0.639203	0.446210	10767.306641
4453.123194	0.087704	0.446210	10857.553711
4453.124091	0.085887	0.446210	10934.594727
4453.125021	0.086008	0.446210	11014.582031
4453.126084	0.086030	0.446210	11106.032227
4453.127005	0.085880	0.446210	11185.127930
4453.127863	0.085972	0.446210	11258.891602
4453.128913	0.086067	0.446210	11349.261719
4453.129933	0.085935	0.446210	11436.915039
4453.130813	0.085924	0.446210	11512.528320
4453.131750	0.086049	0.446210	11593.156250
4454.136339	1.101189	0.453953	556.100464
4454.137222	1.519479	0.453953	1897.800293
4454.138117	1.505526	0.453953	3245.246094
4454.139215	1.460427	0.453953	4848.795410
4454.140180	1.421580	0.453953	6220.619629
4454.141053	1.387006	0.453953	7431.475586
4454.142065	1.348938	0.453953	8796.600586
4454.143117	1.311387	0.453953	10176.179687
4454.144018	0.758438	0.453953	10859.532227
4454.144947	0.095303	0.453953	10948.068359
4454.146010	0.085895	0.453953	11039.375000
4454.146954	0.085847	0.453953	11120.415039
4454.147818	0.085854	0.453953	11194.593750
4454.148863	0.085990	0.453953	11284.453125
4454.149875	0.085825	0.453953	11371.308594
4454.150756	0.085822	0.453953	11446.916992
4454.151724	0.086067	0.453953	11530.229492
4454.152763	0.085961	0.453953	11619.542969
4454.153676	0.085847	0.453953	11697.921875
4455.171629	1.094689	0.441062	590.037231
4455.172684	1.522493	0.441062	2196.267090
4455.173613	1.497444	0.441062	3587.392334
4455.174481	1.459519	0.441062	4854.254883
4455.175569	1.416475	0.441062	6395.379395
4455.176562	1.377447	0.441062	7763.184570
4455.177454	1.344595	0.441062	8962.563477
4455.178460	1.308794	0.441062	10279.209961
4455.179509	0.488079	0.441062	10791.204102
4455.180406	0.087004	0.441062	10869.247070
4455.181263	0.085887	0.441062	10942.852539
4455.182383	0.086012	0.441062	11039.185547
4455.183339	0.085800	0.441062	11121.209961
4455.184194	0.085961	0.441062	11194.706055
4455.185277	0.086045	0.441062	11287.892578
4455.186319	0.085869	0.441062	11377.368164
4455.187192	0.085986	0.441062	11452.434570
4455.188118	0.085920	0.441062	11531.997070
4455.189182	0.086023	0.441062	11623.525391
4456.192523	1.097560	0.460237	550.975037
4456.193446	1.520544	0.460237	1954.437500
4456.194330	1.506200	0.460237	3285.918213
4456.195314	1.465631	0.460237	4728.099121
4456.196329	1.423528	0.460237	6172.979980
4456.197218	1.388240	0.460237	7407.125000
4456.198089	1.354816	0.460237	8587.169922
4456.199169	1.316492	0.460237	10008.980469
4456.200104	0.891940	0.460237	10842.944336
4456.200973	0.106077	0.460237	10935.125000
4456.201933	0.085876	0.460237	11017.566406
4456.202973	0.085902	0.460237	11106.904297
4456.203858	0.085920	0.460237	11182.944336
4456.204725	0.085833	0.460237	11257.361328
4456.205754	0.085997	0.460237	11345.852539
4456.206693	0.085833	0.460237	11426.449219
4456.207571	0.085862	0.460237	11501.835937
4456.208498	0.086027	0.460237	11581.583008
4456.209559	0.085902	0.460237	11672.725586
