time (s)	coil I (A)	last det (V)	int current (uC)
5352.459283	1.107513	0.189099	561.509277
5352.460248	1.525294	0.189099	2033.418213
5352.461118	1.507804	0.189099	3345.207520
5352.462191	1.462174	0.189099	4914.120117
5352.463235	1.419822	0.189099	6396.414062
5352.464130	1.384369	0.189099	7635.424316
5352.465064	1.349550	0.189099	8895.903320
5352.466131	1.310859	0.189099	10294.589844
5352.467081	0.604010	0.189099	10868.399414
5352.467942	0.089857	0.189099	10945.766602
5352.468995	0.085920	0.189099	11036.241211
5352.470007	0.085898	0.189099	11123.170898
5352.470894	0.085865	0.189099	11199.333984
5352.471851	0.085972	0.189099	11281.609375
5352.472893	0.085800	0.189099	11371.012695
5352.473807	0.085792	0.189099	11449.426758
5352.474666	0.085873	0.189099	11523.191406
5352.475711	0.085957	0.189099	11613.016602
5352.476718	0.085851	0.189099	11699.468750
5353.467329	1.030250	0.209277	438.886597
5353.468240	1.515937	0.209277	1819.905640
5353.469325	1.504739	0.209277	3452.547363
5353.470273	1.464342	0.209277	4840.743652
5353.471140	1.428475	0.209277	6079.231934
5353.472199	1.387266	0.209277	7548.346191
5353.473230	1.348568	0.209277	8938.719727
5353.474110	1.316331	0.209277	10097.090820
5353.475083	0.764897	0.209277	10841.335937
5353.476127	0.090370	0.209277	10935.681641
5353.477045	0.085909	0.209277	11014.546875
5353.477910	0.085895	0.209277	11088.845703
5353.478959	0.085939	0.209277	11178.995117
5353.479968	0.085869	0.209277	11265.636719
5353.480860	0.085880	0.209277	11342.242187
5353.481823	0.085957	0.209277	11425.018555
5353.482878	0.085913	0.209277	11515.657227
5353.483792	0.085800	0.209277	11594.078125
5353.484655	0.085895	0.209277	11668.205078
5354.516478	1.097355	0.194505	523.438232
5354.517360	1.520570	0.194505	1864.581055
5354.518235	1.511770	0.194505	3187.379883
5354.519233	1.470824	0.194505	4655.262207
5354.520184	1.430720	0.194505	6015.876953
5354.521083	1.394498	0.194505	7269.530762
5354.521965	1.360975	0.194505	8469.911133
5354.523001	1.323812	0.194505	9841.380859
5354.523907	1.085160	0.194505	10824.536133
5354.524784	0.145122	0.194505	10951.808594
5354.525689	0.085836	0.194505	11029.490234
5354.526688	0.085898	0.194505	11115.302734
5354.527599	0.085822	0.194505	11193.486328
5354.528487	0.085844	0.194505	11269.715820
5354.529503	0.085865	0.194505	11356.955078
5354.530406	0.085851	0.194505	11434.478516
5354.531321	0.085876	0.194505	11513.055664
5354.532177	0.085876	0.194505	11586.566406
5354.533216	0.085847	0.194505	11675.761719
5355.523533	1.049377	0.217591	453.331055
5355.524408	1.517545	0.217591	1781.183105
5355.525478	1.505610	0.217591	3392.186035
5355.526476	1.463207	0.217591	4852.466309
5355.527371	1.426875	0.217591	6129.519531
5355.528358	1.388291	0.217591	7499.762695
5355.529416	1.348488	0.217591	8926.462891
5355.530328	1.315100	0.217591	10125.833984
5355.531197	0.833306	0.217591	10849.976562
5355.532311	0.090520	0.217591	10950.815430
5355.533278	0.085792	0.217591	11033.776367
5355.534144	0.085814	0.217591	11108.091797
5355.535226	0.085972	0.217591	11201.113281
5355.536264	0.085906	0.217591	11290.283203
5355.537156	0.085822	0.217591	11366.835937
5355.538083	0.085909	0.217591	11446.473633
5355.539146	0.085880	0.217591	11537.764648
5355.540091	0.085840	0.217591	11618.882812
5355.540951	0.085917	0.217591	11692.771484
5356.572705	1.113102	0.194895	576.586731
5356.573586	1.523020	0.194895	1918.367432
5356.574457	1.507892	0.194895	3231.741211
5356.575570	1.462958	0.194895	4860.013184
5356.576539	1.424004	0.194895	6239.873047
5356.577409	1.389280	0.194895	7448.546387
5356.578433	1.350538	0.194895	8831.498047
5356.579489	1.312789	0.194895	10217.803711
5356.580387	0.736421	0.194895	10879.109375
5356.581319	0.094208	0.194895	10966.911133
5356.582386	0.085931	0.194895	11058.599609
5356.583329	0.085880	0.194895	11139.584961
5356.584193	0.085854	0.194895	11213.763672
5356.585259	0.086019	0.194895	11305.459961
5356.586266	0.085884	0.194895	11391.945312
5356.587160	0.085880	0.194895	11468.721680
5356.588117	0.085942	0.194895	11550.968750
5356.589151	0.085865	0.194895	11639.753906
5356.590066	0.085789	0.194895	11718.250000
5357.580730	1.029155	0.211001	434.303528
5357.581784	1.522723	0.211001	2039.253906
5357.582814	1.500582	0.211001	3584.853516
5357.583708	1.462687	0.211001	4892.495117
5357.584654	1.424410	0.211001	6239.987305
5357.585701	1.382977	0.211001	7687.964844
5357.586632	1.347935	0.211001	8942.891602
5357.587498	1.315986	0.211001	10082.536133
5357.588581	0.656473	0.211001	10793.497070
5357.589580	0.088033	0.211001	10881.442383
5357.590458	0.085880	0.211001	10956.844727
5357.591443	0.086019	0.211001	11041.574219
5357.592488	0.085964	0.211001	11131.407227
5357.593405	0.085895	0.211001	11210.172852
5357.594263	0.085895	0.211001	11283.870117
5357.595343	0.085961	0.211001	11376.708008
5357.596339	0.085847	0.211001	11462.211914
5357.597213	0.085887	0.211001	11537.277344
5357.598196	0.086012	0.211001	11621.827148
5358.631503	1.159746	0.192531	664.534485
5358.632558	1.525719	0.192531	2274.167969
5358.633443	1.500524	0.192531	3602.131348
5358.634329	1.461658	0.192531	4897.160156
5358.635407	1.419122	0.192531	6426.974121
5358.636368	1.381608	0.192531	7754.699219
5358.637229	1.348777	0.192531	8915.996094
5358.638251	1.311643	0.192531	10256.495117
5358.639292	0.535474	0.192531	10813.922852
5358.640182	0.087997	0.192531	10892.240234
5358.641114	0.085953	0.192531	10972.348633
5358.642172	0.086023	0.192531	11063.361328
5358.643115	0.085880	0.192531	11144.346680
5358.643984	0.085972	0.192531	11219.055664
5358.645023	0.086016	0.192531	11308.425781
5358.646042	0.085942	0.192531	11396.000977
5358.646937	0.085950	0.192531	11472.925781
5358.647897	0.085957	0.192531	11555.444336
5358.648943	0.085957	0.192531	11645.355469
5359.636931	1.038263	0.208141	443.338287
5359.637808	1.517333	0.208141	1774.039062
5359.638781	1.509737	0.208141	3243.013672
5359.639733	1.469271	0.208141	4641.759766
5359.640655	1.431881	0.208141	5961.954102
5359.641534	1.396340	0.208141	7189.337402
5359.642581	1.357390	0.208141	8610.525391
5359.643478	1.324398	0.208141	9798.510742
5359.644359	1.147127	0.208141	10809.128906
5359.645328	0.167303	0.208141	10971.246094
5359.646297	0.085844	0.208141	11054.428711
5359.647208	0.085840	0.208141	11132.628906
5359.648074	0.085950	0.208141	11207.061523
5359.649106	0.085909	0.208141	11295.719727
5359.649980	0.085829	0.208141	11370.734375
5359.650855	0.085814	0.208141	11445.822266
5359.651724	0.085917	0.208141	11520.484375
5359.652763	0.085898	0.208141	11609.732422
5359.653649	0.085931	0.208141	11685.867187
5360.689151	1.096545	0.198851	530.728027
5360.690031	1.520856	0.198851	1869.081177
5360.690992	1.507844	0.198851	3318.119629
5360.692065	1.462731	0.198851	4887.629883
5360.692997	1.424733	0.198851	6215.480469
5360.693859	1.389778	0.198851	7413.468750
5360.694903	1.350641	0.198851	8823.538086
5360.695913	1.314049	0.198851	10150.727539
5360.696808	0.815559	0.198851	10880.653320
5360.697772	0.097815	0.198851	10974.947266
5360.698824	0.085931	0.198851	11065.346680
5360.699740	0.085917	0.198851	11144.046875
5360.700600	0.085917	0.198851	11217.935547
5360.701667	0.086049	0.198851	11309.749023
5360.702657	0.086027	0.198851	11394.915039
5360.703552	0.085983	0.198851	11471.869141
5360.704525	0.085983	0.198851	11555.530273
5360.705568	0.085950	0.198851	11645.175781
5360.706478	0.085986	0.198851	11723.422852
5361.694235	1.084464	0.200309	563.921387
5361.695297	1.524895	0.200309	2183.359863
5361.696231	1.500165	0.200309	3584.513672
5361.697098	1.462262	0.200309	4852.294922
5361.698193	1.418646	0.200309	6405.712402
5361.699192	1.379513	0.200309	7783.845703
5361.700080	1.346477	0.200309	8979.517578
5361.701065	1.311328	0.200309	10271.175781
5361.702116	0.513424	0.200309	10810.784180
5361.703013	0.087495	0.200309	10889.267578
5361.703870	0.085997	0.200309	10962.966797
5361.704954	0.085997	0.200309	11056.187500
5361.705941	0.085968	0.200309	11141.038086
5361.706819	0.086045	0.200309	11216.585937
5361.707831	0.086023	0.200309	11303.641602
5361.708877	0.086023	0.200309	11393.622070
5361.709761	0.085975	0.200309	11469.624023
5361.710620	0.085972	0.200309	11543.473633
5361.711717	0.086041	0.200309	11637.861328
5362.746817	1.028954	0.197691	438.334351
5362.747840	1.520768	0.197691	1994.079834
5362.748878	1.501820	0.197691	3552.969238
5362.749760	1.463778	0.197691	4844.021484
5362.750684	1.425579	0.197691	6161.255859
5362.751754	1.383710	0.197691	7641.825195
5362.752696	1.348469	0.197691	8912.083008
5362.753569	1.316576	0.197691	10061.454102
5362.754612	0.711848	0.197691	10803.912109
5362.755630	0.088850	0.197691	10894.361328
5362.756520	0.085884	0.197691	10970.797852
5362.757473	0.085957	0.197691	11052.714844
5362.758516	0.086027	0.197691	11142.440430
5362.759437	0.085946	0.197691	11221.596680
5362.760296	0.086001	0.197691	11295.471680
5362.761368	0.086023	0.197691	11387.688477
5362.762368	0.085942	0.197691	11473.630859
5362.763256	0.085939	0.197691	11549.944336
5362.764224	0.085990	0.197691	11633.182617
5363.750842	1.023146	0.196930	429.721191
5363.751860	1.519717	0.196930	1976.792847
5363.752793	1.505771	0.196930	3381.677734
5363.753721	1.466832	0.196930	4742.897949
5363.754587	1.429775	0.196930	5981.083496
5363.755634	1.389814	0.196930	7436.219238
5363.756522	1.356193	0.196930	8640.518555
5363.757395	1.324343	0.196930	9796.669922
5363.758383	0.983826	0.196930	10768.689453
5363.759325	0.116356	0.196930	10878.296875
5363.760240	0.085836	0.196930	10956.836914
5363.761116	0.085957	0.196930	11032.135742
5363.762156	0.085935	0.196930	11121.507812
5363.763046	0.085876	0.196930	11197.937500
5363.763923	0.085858	0.196930	11273.235352
5363.764865	0.085975	0.196930	11354.224609
5363.765851	0.085902	0.196930	11438.923828
5363.766774	0.085858	0.196930	11518.170898
5363.767636	0.085869	0.196930	11592.190430
5364.803004	1.032078	0.196156	438.632996
5364.803965	1.516337	0.196156	1895.832520
5364.805017	1.503193	0.196156	3477.191895
5364.805949	1.463701	0.196156	4841.361328
5364.806819	1.426992	0.196156	6082.844727
5364.807916	1.384856	0.196156	7602.031738
5364.808904	1.347664	0.196156	8933.523437
5364.809795	1.315499	0.196156	10105.632812
5364.810776	0.749385	0.196156	10840.779297
5364.811811	0.090157	0.196156	10934.091797
5364.812710	0.085829	0.196156	11011.251953
5364.813572	0.085990	0.196156	11085.375000
5364.814656	0.085979	0.196156	11178.576172
5364.815640	0.085829	0.196156	11263.032227
5364.816518	0.085986	0.196156	11338.528320
5364.817529	0.085990	0.196156	11425.463867
5364.818581	0.086001	0.196156	11515.936523
5364.819450	0.085928	0.196156	11590.607422
5364.820317	0.086005	0.196156	11665.173828
5365.807634	1.112150	0.192793	568.308472
5365.808647	1.524990	0.192793	2113.123535
5365.809544	1.503981	0.192793	3462.194336
5365.810504	1.463687	0.192793	4867.333496
5365.811554	1.420543	0.192793	6358.903809
5365.812490	1.383706	0.192793	7654.052734
5365.813356	1.350483	0.192793	8823.571289
5365.814423	1.312687	0.192793	10224.208008
5365.815428	0.599227	0.192793	10826.431641
5365.816306	0.089791	0.192793	10905.268555
5365.817286	0.085986	0.192793	10989.535156
5365.818321	0.086001	0.192793	11078.545898
5365.819221	0.085979	0.192793	11155.926758
5365.820077	0.086008	0.192793	11229.549805
5365.821143	0.086052	0.192793	11321.281250
5365.822135	0.085928	0.192793	11406.521484
5365.823019	0.085972	0.192793	11482.520508
5365.823990	0.086082	0.192793	11566.105469
5365.825045	0.085957	0.192793	11656.790039
5366.860838	1.132130	0.183540	585.311218
5366.861881	1.525540	0.183540	2176.448975
5366.862770	1.502498	0.183540	3512.169434
5366.863737	1.462141	0.183540	4926.059570
5366.864792	1.418602	0.183540	6422.685059
5366.865727	1.381835	0.183540	7714.700684
5366.866598	1.348715	0.183540	8889.431641
5366.867671	1.310281	0.183540	10295.363281
5366.868677	0.519152	0.183540	10817.629883
5366.869570	0.087953	0.183540	10896.171875
5366.870546	0.086060	0.183540	10980.166016
5366.871600	0.085887	0.183540	11070.691406
5366.872511	0.085990	0.183540	11149.028320
5366.873373	0.086019	0.183540	11223.176758
5366.874470	0.086147	0.183540	11317.680664
5366.875460	0.085961	0.183540	11402.782227
5366.876339	0.085939	0.183540	11478.322266
5366.877337	0.085975	0.183540	11564.125977
5366.878376	0.085983	0.183540	11653.461914
5367.865808	1.051707	0.185872	456.440643
5367.866682	1.517750	0.185872	1782.954346
5367.867549	1.511276	0.185872	3093.230469
5367.868607	1.468747	0.185872	4647.165039
5367.869503	1.432163	0.185872	5930.383301
5367.870383	1.397142	0.185872	7159.868652
5367.871370	1.359994	0.185872	8502.182617
5367.872305	1.325281	0.185872	9741.320312
5367.873222	1.149954	0.185872	10795.828125
5367.874089	0.174023	0.185872	10946.706055
5367.875120	0.085723	0.185872	11035.085937
5367.876004	0.085829	0.185872	11110.958984
5367.876871	0.085865	0.185872	11185.404297
5367.877829	0.085895	0.185872	11267.691406
5367.878779	0.085822	0.185872	11349.221680
5367.879703	0.085807	0.185872	11428.506836
5367.880579	0.085854	0.185872	11503.715820
5367.881600	0.085917	0.185872	11591.436523
5367.882495	0.085865	0.185872	11668.286133
5368.918031	1.102841	0.179439	555.831604
5368.918936	1.522511	0.179439	1933.704102
5368.919797	1.508445	0.179439	3232.475098
5368.920890	1.463730	0.179439	4832.332520
5368.921907	1.422363	0.179439	6278.875977
5368.922784	1.387471	0.179439	7495.687500
5368.923775	1.350048	0.179439	8833.584961
5368.924838	1.312548	0.179439	10228.823242
5368.925729	0.735985	0.179439	10884.585937
5368.926608	0.094512	0.179439	10967.662109
5368.927717	0.085891	0.179439	11062.915039
5368.928668	0.085844	0.179439	11144.551758
5368.929532	0.085917	0.179439	11218.784180
5368.930564	0.085968	0.179439	11307.502930
5368.931605	0.085895	0.179439	11396.918945
5368.932502	0.085906	0.179439	11473.976562
5368.933419	0.085939	0.179439	11552.782227
5368.934487	0.086089	0.179439	11644.725586
5368.935429	0.085869	0.179439	11725.614258
5369.921989	1.037732	0.187709	449.337921
5369.922857	1.516267	0.187709	1765.457642
5369.923913	1.506200	0.187709	3356.004883
5369.924927	1.463580	0.187709	4840.075195
5369.925821	1.426996	0.187709	6115.809570
5369.926780	1.389408	0.187709	7448.251953
5369.927830	1.349773	0.187709	8865.513672
5369.928760	1.315975	0.187709	10089.371094
5369.929627	0.895371	0.187709	10865.658203
5369.930687	0.095610	0.187709	10967.004883
5369.931691	0.085873	0.187709	11053.220703
5369.932571	0.085917	0.187709	11128.827148
5369.933550	0.085964	0.187709	11212.986328
5369.934601	0.085924	0.187709	11303.292969
5369.935495	0.085895	0.187709	11380.083008
5369.936364	0.085920	0.187709	11454.748047
5369.937441	0.086140	0.187709	11547.520508
5369.938420	0.085957	0.187709	11631.672852
5369.939317	0.085946	0.187709	11708.766602
5370.975171	1.030382	0.177811	442.033905
5370.976036	1.515809	0.177811	1753.208984
5370.977087	1.506815	0.177811	3336.871582
5370.978105	1.464056	0.177811	4827.281250
5370.979004	1.427003	0.177811	6110.157227
5370.979963	1.389793	0.177811	7442.968262
5370.981014	1.349689	0.177811	8861.491211
5370.981945	1.315909	0.177811	10086.602539
5370.982816	0.893379	0.177811	10864.735352
5370.983873	0.094948	0.177811	10965.094727
5370.984881	0.085778	0.177811	11051.558594
5370.985758	0.085829	0.177811	11126.830078
5370.986722	0.085880	0.177811	11209.618164
5370.987773	0.085920	0.177811	11299.920898
5370.988683	0.085898	0.177811	11378.088867
5370.989539	0.085950	0.177811	11451.662109
5370.990597	0.086012	0.177811	11542.663086
5370.991590	0.085935	0.177811	11627.997070
5370.992476	0.085950	0.177811	11704.148437
5371.980218	1.030924	0.182976	436.080872
5371.981281	1.522427	0.182976	2054.420410
5371.982159	1.506123	0.182976	3376.796387
5371.983035	1.468971	0.182976	4663.615234
5371.983956	1.430662	0.182976	5981.254395
5371.984956	1.391576	0.182976	7372.830078
5371.985862	1.356552	0.182976	8601.865234
5371.986759	1.324475	0.182976	9789.919922
5371.987776	1.000561	0.182976	10807.491211
5371.988699	0.114536	0.182976	10913.208008
5371.989624	0.085825	0.182976	10992.596680
5371.990483	0.085844	0.182976	11066.335937
5371.991529	0.085884	0.182976	11156.169922
5371.992411	0.085851	0.182976	11231.890625
5371.993280	0.085917	0.182976	11306.552734
5371.994261	0.085884	0.182976	11390.804687
5371.995190	0.085869	0.182976	11470.577148
5371.996107	0.085847	0.182976	11549.298828
5371.996980	0.085818	0.182976	11624.217773
5373.032937	1.058580	0.171406	497.532745
5373.034022	1.524148	0.171406	2151.233398
5373.034978	1.500110	0.171406	3585.338379
5373.035855	1.462573	0.171406	4868.015137
5373.036882	1.420756	0.171406	6327.130859
5373.037912	1.380531	0.171406	7749.078125
5373.038808	1.347052	0.171406	8956.037109
5373.039774	1.312504	0.171406	10223.916016
5373.040847	0.530629	0.171406	10793.280273
5373.041772	0.087242	0.171406	10873.979492
5373.042634	0.085884	0.171406	10948.011719
5373.043709	0.085913	0.171406	11040.368164
5373.044699	0.085898	0.171406	11125.407227
5373.045582	0.085858	0.171406	11201.219727
5373.046567	0.086063	0.171406	11285.992187
5373.047618	0.085906	0.171406	11376.279297
5373.048525	0.085858	0.171406	11454.152344
5373.049383	0.085895	0.171406	11527.849609
5373.050461	0.086027	0.171406	11620.585937
5374.036534	1.142637	0.188402	626.164978
5374.037585	1.525001	0.188402	2228.941162
5374.038485	1.500300	0.188402	3579.211426
5374.039355	1.461760	0.188402	4850.942871
5374.040477	1.417712	0.188402	6441.616211
5374.041449	1.380077	0.188402	7783.050781
5374.042324	1.346986	0.188402	8961.664062
5374.043386	1.309050	0.188402	10351.875000
5374.044425	0.448649	0.188402	10818.021484
5374.045319	0.086781	0.188402	10895.603516
5374.046249	0.085884	0.188402	10975.475586
5374.047309	0.085953	0.188402	11066.585937
5374.048250	0.085840	0.188402	11147.361328
5374.049114	0.085887	0.188402	11221.568359
5374.050170	0.085979	0.188402	11312.362305
5374.051193	0.085891	0.188402	11400.228516
5374.052074	0.085854	0.188402	11475.866211
5374.053039	0.085935	0.188402	11558.793945
5374.054084	0.085895	0.188402	11648.553711
5375.089089	1.040947	0.171281	445.525391
5375.090174	1.522427	0.171281	2097.358398
5375.091180	1.499835	0.171281	3606.192383
5375.092059	1.462130	0.171281	4891.404785
5375.093058	1.422521	0.171281	6312.502930
5375.094118	1.380729	0.171281	7776.075195
5375.095024	1.346224	0.171281	8995.753906
5375.095889	1.313577	0.171281	10131.998047
5375.096971	0.603959	0.171281	10785.481445
5375.097940	0.087473	0.171281	10870.243164
5375.098820	0.085818	0.171281	10945.762695
5375.099812	0.085986	0.171281	11031.061523
5375.100881	0.085935	0.171281	11122.925781
5375.101768	0.085869	0.171281	11199.091797
5375.102644	0.085876	0.171281	11274.319336
5375.103740	0.086034	0.171281	11368.612305
5375.104698	0.085840	0.171281	11450.846680
5375.105565	0.085869	0.171281	11525.294922
5375.106630	0.085876	0.171281	11616.752930
5376.093753	1.106818	0.184579	609.856506
5376.094701	1.524423	0.184579	2055.009277
5376.095574	1.505918	0.184579	3369.675781
5376.096501	1.465898	0.184579	4728.563477
5376.097556	1.422975	0.184579	6229.801758
5376.098462	1.387178	0.184579	7486.584961
5376.099344	1.353937	0.184579	8680.756836
5376.100291	1.320037	0.184579	9930.832031
5376.101271	0.916139	0.184579	10828.648437
5376.102145	0.107505	0.184579	10922.607422
5376.103025	0.085836	0.184579	10998.143555
5376.104120	0.085847	0.184579	11092.146484
5376.105022	0.085891	0.184579	11169.620117
5376.105890	0.085920	0.184579	11244.199219
5376.106919	0.085939	0.184579	11332.629883
5376.107878	0.085950	0.184579	11415.055664
5376.108750	0.085873	0.184579	11489.936523
5376.109604	0.085851	0.184579	11563.252930
5376.110713	0.085869	0.184579	11658.481445
5377.145808	1.052410	0.170375	469.374695
5377.146890	1.523364	0.170375	2117.654785
5377.147842	1.501377	0.170375	3546.965820
5377.148710	1.463987	0.170375	4817.706543
5377.149765	1.421656	0.170375	6317.554199
5377.150801	1.381047	0.170375	7748.319336
5377.151690	1.347480	0.170375	8946.229492
5377.152647	1.313185	0.170375	10202.947266
5377.153718	0.568997	0.170375	10812.342773
5377.154641	0.087766	0.170375	10893.350586
5377.155499	0.085895	0.170375	10967.047852
5377.156532	0.086129	0.170375	11056.019531
5377.157551	0.085986	0.170375	11143.639648
5377.158438	0.085950	0.170375	11219.876953
5377.159396	0.086122	0.170375	11302.381836
5377.160452	0.086071	0.170375	11393.272461
5377.161369	0.085935	0.170375	11472.075195
5377.162289	0.085972	0.170375	11551.168945
5377.163164	0.085931	0.170375	11626.359375
5378.151367	1.044917	0.181368	455.583801
5378.152232	1.515619	0.181368	1766.594238
5378.153334	1.504179	0.181368	3424.198975
5378.154329	1.461841	0.181368	4878.730469
5378.155216	1.425996	0.181368	6143.588867
5378.156222	1.386760	0.181368	7538.669922
5378.157272	1.347733	0.181368	8953.790039
5378.158145	1.315038	0.181368	10101.818359
5378.159046	0.809235	0.181368	10830.938477
5378.160130	0.090718	0.181368	10929.276367
5378.161076	0.085854	0.181368	11010.495117
5378.161941	0.085862	0.181368	11084.765625
5378.162955	0.085990	0.181368	11171.958984
5378.163992	0.085902	0.181368	11261.039062
5378.164880	0.085869	0.181368	11337.291016
5378.165800	0.086030	0.181368	11416.438477
5378.166872	0.086063	0.181368	11508.698242
5378.167819	0.085822	0.181368	11589.971680
5378.168680	0.085920	0.181368	11663.949219
5379.203092	1.110960	0.170790	555.479736
5379.204100	1.524617	0.170790	2092.293457
5379.204993	1.503904	0.170790	3435.279541
5379.205991	1.462035	0.170790	4894.390137
5379.207049	1.418657	0.170790	6395.329590
5379.207956	1.383014	0.170790	7649.723145
5379.208823	1.349000	0.170790	8819.306641
5379.209939	1.310142	0.170790	10281.424805
5379.210917	0.573468	0.170790	10842.276367
5379.211788	0.089022	0.170790	10919.814453
5379.212881	0.085939	0.170790	11013.745117
5379.213919	0.085876	0.170790	11102.884766
5379.214811	0.085840	0.170790	11179.454102
5379.215746	0.085895	0.170790	11259.765625
5379.216793	0.085983	0.170790	11349.789062
5379.217734	0.085898	0.170790	11430.619141
5379.218596	0.085917	0.170790	11504.679687
5379.219645	0.086001	0.170790	11594.894531
5379.220663	0.085891	0.170790	11682.332031
5380.209086	1.044335	0.183262	444.886597
5380.210174	1.522599	0.183262	2101.474121
5380.211087	1.503098	0.183262	3473.802734
5380.211968	1.465657	0.183262	4765.046387
5380.212966	1.425853	0.183262	6188.047852
5380.213974	1.385339	0.183262	7584.469727
5380.214859	1.351893	0.183262	8780.895508
5380.215722	1.319634	0.183262	9919.739258
5380.216797	0.806862	0.183262	10787.115234
5380.217720	0.095197	0.183262	10874.981445
5380.218596	0.085726	0.183262	10950.078125
5380.219566	0.085942	0.183262	11033.442383
5380.220585	0.085774	0.183262	11120.845703
5380.221475	0.085851	0.183262	11197.252930
5380.222333	0.085884	0.183262	11270.941406
5380.223406	0.085898	0.183262	11363.110352
5380.224355	0.085770	0.183262	11444.505859
5380.225228	0.085873	0.183262	11519.472656
5380.226174	0.085887	0.183262	11600.722656
5381.259197	1.028342	0.173175	434.988770
5381.260235	1.521823	0.173175	2014.640625
5381.261133	1.506068	0.173175	3367.089844
5381.262010	1.468568	0.173175	4655.023926
5381.262878	1.431222	0.173175	5897.324707
5381.263949	1.390759	0.173175	7386.828125
5381.264834	1.357104	0.173175	8587.865234
5381.265701	1.325339	0.173175	9736.934570
5381.266689	1.039094	0.173175	10763.559570
5381.267619	0.129122	0.173175	10883.643555
5381.268536	0.085730	0.173175	10962.257812
5381.269404	0.085906	0.173175	11036.824219
5381.270429	0.085865	0.173175	11124.835937
5381.271327	0.085873	0.173175	11201.950195
5381.272200	0.085935	0.173175	11276.971680
5381.273147	0.085906	0.173175	11358.324219
5381.274122	0.085847	0.173175	11442.025391
5381.275034	0.085840	0.173175	11520.311523
5381.275895	0.085785	0.173175	11594.171875
5382.265301	1.054384	0.185513	474.472595
5382.266394	1.523254	0.185513	2139.389648
5382.267355	1.499890	0.185513	3580.784180
5382.268226	1.462617	0.185513	4854.723633
5382.269270	1.420067	0.185513	6337.273437
5382.270316	1.379443	0.185513	7780.170898
5382.271205	1.346096	0.185513	8976.850586
5382.272162	1.311998	0.185513	10232.432617
5382.273233	0.524667	0.185513	10794.350586
5382.274169	0.087012	0.185513	10875.793945
5382.275030	0.085822	0.185513	10949.686523
5382.276099	0.085920	0.185513	11041.535156
5382.277099	0.085847	0.185513	11127.382812
5382.277989	0.085851	0.185513	11203.790039
5382.278950	0.085917	0.185513	11286.356445
5382.279986	0.085913	0.185513	11375.362305
5382.280895	0.085869	0.185513	11453.416992
5382.281751	0.085865	0.185513	11526.917969
5382.282824	0.086016	0.185513	11619.212891
5383.314359	1.025024	0.173888	430.510254
5383.315268	1.514561	0.173888	1807.245850
5383.316356	1.503106	0.173888	3442.624512
5383.317293	1.463522	0.173888	4813.944336
5383.318168	1.427355	0.173888	6062.879883
5383.319204	1.386672	0.173888	7499.472656
5383.320227	1.348535	0.173888	8879.024414
5383.321125	1.315920	0.173888	10060.720703
5383.322089	0.817141	0.173888	10848.444336
5383.323133	0.091725	0.173888	10944.205078
5383.324062	0.085829	0.173888	11023.940430
5383.324924	0.085884	0.173888	11097.972656
5383.325990	0.086027	0.173888	11189.676758
5383.326988	0.085829	0.173888	11275.333984
5383.327879	0.085924	0.173888	11351.892578
5383.328849	0.085961	0.173888	11435.274414
5383.329882	0.085964	0.173888	11524.075195
5383.330801	0.085902	0.173888	11603.019531
5383.331659	0.085953	0.173888	11676.767578
5384.323155	1.159761	0.182146	671.501465
5384.324060	1.523884	0.182146	2050.616699
5384.324980	1.503754	0.182146	3434.070068
5384.325859	1.465514	0.182146	4722.256836
5384.326890	1.424396	0.182146	6190.808594
5384.327790	1.388595	0.182146	7440.543945
5384.328671	1.355559	0.182146	8634.791016
5384.329644	1.320824	0.182146	9919.953125
5384.330615	0.942913	0.182146	10835.521484
5384.331536	0.107040	0.182146	10934.105469
5384.332398	0.085785	0.182146	11008.051758
5384.333442	0.085854	0.182146	11097.683594
5384.334320	0.085902	0.182146	11173.105469
5384.335188	0.085829	0.182146	11247.604492
5384.336119	0.085898	0.182146	11327.576172
5384.337099	0.085917	0.182146	11411.774414
5384.337983	0.085946	0.182146	11487.750977
5384.338876	0.085986	0.182146	11564.537109
5384.339976	0.085990	0.182146	11659.125977
5385.371575	1.046539	0.167281	441.639587
5385.372674	1.523134	0.167281	2115.563232
5385.373644	1.500480	0.167281	3571.028564
5385.374519	1.463203	0.167281	4851.331055
5385.375567	1.420389	0.167281	6339.899414
5385.376620	1.379718	0.167281	7792.742676
5385.377519	1.345605	0.167281	9002.441406
5385.378454	1.312192	0.167281	10229.340820
5385.379511	0.553154	0.167281	10814.025391
5385.380441	0.087660	0.167281	10895.548828
5385.381300	0.085924	0.167281	10969.357422
5385.382351	0.086089	0.167281	11059.836914
5385.383372	0.085909	0.167281	11147.550781
5385.384253	0.085913	0.167281	11223.240234
5385.385227	0.086056	0.167281	11307.058594
5385.386266	0.086005	0.167281	11396.416992
5385.387193	0.085920	0.167281	11476.065430
5385.388047	0.086041	0.167281	11549.544922
5385.389098	0.086096	0.167281	11640.032227
5386.380730	1.024497	0.174722	430.288818
5386.381661	1.514432	0.174722	1840.225342
5386.382739	1.502402	0.174722	3459.815186
5386.383689	1.462639	0.174722	4849.322266
5386.384564	1.426502	0.174722	6097.511230
5386.385604	1.385636	0.174722	7538.572754
5386.386641	1.346858	0.174722	8935.264648
5386.387538	1.314529	0.174722	10114.396484
5386.388509	0.740251	0.174722	10833.180664
5386.389561	0.089205	0.174722	10927.024414
5386.390476	0.085851	0.174722	11005.578125
5386.391338	0.085898	0.174722	11079.623047
5386.392413	0.085939	0.174722	11172.006836
5386.393410	0.085880	0.174722	11257.628906
5386.394302	0.085887	0.174722	11334.240234
5386.395286	0.086016	0.174722	11418.879883
5386.396329	0.086001	0.174722	11508.579102
5386.397237	0.085887	0.174722	11586.564453
5386.398098	0.085931	0.174722	11660.551758
5387.428280	1.035121	0.166460	437.856110
5387.429361	1.522617	0.166460	2083.805420
5387.430300	1.502483	0.166460	3494.636719
5387.431176	1.465060	0.166460	4778.029297
5387.432139	1.426315	0.166460	6151.570312
5387.433160	1.385977	0.166460	7566.652344
5387.434043	1.352578	0.166460	8760.978516
5387.434906	1.320758	0.166460	9900.792969
5387.435972	0.850781	0.166460	10807.725586
5387.436909	0.097885	0.166460	10899.443359
5387.437775	0.085792	0.166460	10973.739258
5387.438711	0.085997	0.166460	11054.232422
5387.439758	0.085935	0.166460	11144.206055
5387.440649	0.085854	0.166460	11220.702148
5387.441513	0.085942	0.166460	11294.956055
5387.442556	0.086049	0.166460	11384.705078
5387.443508	0.085895	0.166460	11466.476562
5387.444384	0.085942	0.166460	11541.761719
5387.445299	0.086078	0.166460	11620.523437
5388.437942	1.047539	0.176651	439.966431
5388.439057	1.523243	0.176651	2138.382812
5388.440033	1.499850	0.176651	3602.236328
5388.440903	1.462515	0.176651	4874.624023
5388.441946	1.420397	0.176651	6356.097656
5388.442976	1.380275	0.176651	7777.780273
5388.443876	1.346254	0.176651	8989.408203
5388.444807	1.312636	0.176651	10211.471680
5388.445869	0.576438	0.176651	10823.648437
5388.446794	0.087953	0.176651	10905.004883
5388.447651	0.085876	0.176651	10978.600586
5388.448680	0.086100	0.176651	11067.197266
5388.449715	0.085939	0.176651	11156.143555
5388.450597	0.085950	0.176651	11231.951172
5388.451522	0.086071	0.176651	11311.566406
5388.452609	0.086019	0.176651	11405.069336
5388.453527	0.085924	0.176651	11483.947266
5388.454393	0.085961	0.176651	11558.389648
5388.455426	0.086001	0.176651	11647.228516
5389.483961	1.026094	0.168647	431.985443
5389.484932	1.516476	0.168647	1904.483521
5389.485990	1.502021	0.168647	3493.622070
5389.486909	1.462833	0.168647	4837.965820
5389.487783	1.425802	0.168647	6084.116699
5389.488878	1.383955	0.168647	7599.547363
5389.489852	1.347275	0.168647	8911.793945
5389.490731	1.315756	0.168647	10068.342773
5389.491751	0.723977	0.168647	10806.798828
5389.492802	0.089282	0.168647	10900.634766
5389.493682	0.085844	0.168647	10976.176758
5389.494565	0.085964	0.168647	11052.083008
5389.495656	0.085964	0.168647	11145.870117
5389.496612	0.085865	0.168647	11227.957031
5389.497472	0.085928	0.168647	11301.854492
5389.498481	0.085994	0.168647	11388.622070
5389.499529	0.085917	0.168647	11478.663086
5389.500399	0.085789	0.168647	11553.298828
5389.501317	0.085920	0.168647	11632.173828
5390.495298	1.127179	0.179290	627.838745
5390.496303	1.524866	0.179290	2160.328857
5390.497180	1.502124	0.179290	3477.691406
5390.498050	1.464119	0.179290	4751.474609
5390.499115	1.421836	0.179290	6265.729980
5390.500037	1.385277	0.179290	7542.955566
5390.500917	1.352530	0.179290	8733.182617
5390.501882	1.317828	0.179290	10004.886719
5390.502915	0.776880	0.179290	10807.403320
5390.503803	0.094962	0.179290	10891.729492
5390.504667	0.085807	0.179290	10965.866211
5390.505738	0.086067	0.179290	11058.043945
5390.506665	0.085909	0.179290	11137.681641
5390.507538	0.085902	0.179290	11212.673828
5390.508502	0.085990	0.179290	11295.568359
5390.509511	0.085873	0.179290	11382.213867
5390.510393	0.085895	0.179290	11457.972656
5390.511249	0.085891	0.179290	11531.495117
5390.512299	0.085931	0.179290	11621.722656
5391.541285	1.093129	0.161082	582.637573
5391.542339	1.524108	0.161082	2189.047119
5391.543264	1.499685	0.161082	3576.255859
5391.544126	1.461866	0.161082	4836.384766
5391.545196	1.419247	0.161082	6354.979004
5391.546218	1.379579	0.161082	7764.908691
5391.547090	1.346536	0.161082	8939.087891
5391.548071	1.311116	0.161082	10225.291992
5391.549150	0.506550	0.161082	10771.859375
5391.550054	0.087198	0.161082	10850.686523
5391.550917	0.085891	0.161082	10924.810547
5391.552015	0.085968	0.161082	11019.203125
5391.552976	0.085898	0.161082	11101.751953
5391.553860	0.085964	0.161082	11177.744141
5391.554862	0.085983	0.161082	11263.898437
5391.555922	0.086012	0.161082	11355.071289
5391.556810	0.085957	0.161082	11431.401367
5391.557707	0.085928	0.161082	11508.478516
5391.558799	0.086052	0.161082	11602.447266
5392.552460	1.099215	0.172780	552.905212
5392.553339	1.520973	0.172780	1889.840332
5392.554207	1.507972	0.172780	3198.760254
5392.555317	1.463258	0.172780	4822.976562
5392.556285	1.423927	0.172780	6201.337891
5392.557154	1.389558	0.172780	7408.863770
5392.558179	1.351058	0.172780	8793.698242
5392.559225	1.313478	0.172780	10167.595703
5392.560111	0.803602	0.172780	10879.586914
5392.561031	0.098306	0.172780	10970.028320
5392.562101	0.085865	0.172780	11061.904297
5392.563037	0.085796	0.172780	11142.208984
5392.563892	0.085829	0.172780	11215.592773
5392.564915	0.085825	0.172780	11303.391602
5392.565944	0.085807	0.172780	11391.686523
5392.566837	0.085964	0.172780	11468.453125
5392.567780	0.085928	0.172780	11549.483398
5392.568832	0.085825	0.172780	11639.771484
5392.569761	0.085763	0.172780	11719.445312
5393.596355	1.036751	0.162596	448.912994
5393.597222	1.515703	0.162596	1763.027588
5393.598288	1.505171	0.162596	3367.539551
5393.599292	1.462760	0.162596	4836.150391
5393.600181	1.426611	0.162596	6104.407715
5393.601157	1.388474	0.162596	7459.558594
5393.602204	1.349041	0.162596	8872.003906
5393.603113	1.315796	0.162596	10068.062500
5393.603984	0.891032	0.162596	10844.151367
5393.605068	0.094948	0.162596	10947.074219
5393.606063	0.085825	0.162596	11032.470703
5393.606937	0.085876	0.162596	11107.526367
5393.607920	0.085909	0.162596	11191.975586
5393.608985	0.085920	0.162596	11283.480469
5393.609865	0.085807	0.162596	11358.990234
5393.610730	0.085869	0.162596	11433.266602
5393.611834	0.085909	0.162596	11528.110352
5393.612802	0.085854	0.162596	11611.217773
5393.613661	0.085869	0.162596	11684.979492
5394.609618	1.055585	0.170049	463.401672
5394.610489	1.517194	0.170049	1784.877441
5394.611356	1.511298	0.170049	3095.172363
5394.612404	1.468546	0.170049	4634.208984
5394.613306	1.431317	0.170049	5925.256836
5394.614189	1.396260	0.170049	7158.154297
5394.615147	1.360426	0.170049	8461.442383
5394.616132	1.324189	0.170049	9765.768555
5394.617056	1.118405	0.170049	10799.173828
5394.617932	0.159946	0.170049	10939.287109
5394.618971	0.085796	0.170049	11028.428711
5394.619849	0.085811	0.170049	11103.770508
5394.620716	0.085858	0.170049	11178.209961
5394.621598	0.085939	0.170049	11254.007812
5394.622632	0.085811	0.170049	11342.736328
5394.623531	0.085847	0.170049	11419.913086
5394.624411	0.085873	0.170049	11495.481445
5394.625393	0.085972	0.170049	11579.905273
5394.626327	0.085774	0.170049	11660.018555
5395.653569	1.035930	0.156735	442.342163
5395.654617	1.521152	0.156735	2036.509888
5395.655656	1.499337	0.156735	3594.321289
5395.656541	1.461588	0.156735	4887.826660
5395.657493	1.422979	0.156735	6242.501953
5395.658566	1.381055	0.156735	7724.373535
5395.659482	1.346301	0.156735	8957.585937
5395.660351	1.314283	0.156735	10099.698242
5395.661404	0.660260	0.156735	10794.952148
5395.662418	0.087773	0.156735	10883.954102
5395.663304	0.085895	0.156735	10960.056641
5395.664272	0.085906	0.156735	11043.213867
5395.665324	0.085939	0.156735	11133.621094
5395.666243	0.085865	0.156735	11212.531250
5395.667105	0.085909	0.156735	11286.584961
5395.668189	0.085961	0.156735	11379.766602
5395.669176	0.085858	0.156735	11464.508789
5395.670065	0.085807	0.156735	11540.791016
5395.671052	0.085946	0.156735	11625.620117
5396.666810	1.030682	0.169807	438.039978
5396.667848	1.521068	0.169807	2016.908691
5396.668875	1.500069	0.169807	3557.479980
5396.669775	1.461716	0.169807	4873.024414
5396.670736	1.423235	0.169807	6240.752930
5396.671793	1.381278	0.169807	7700.763672
5396.672725	1.346331	0.169807	8955.543945
5396.673594	1.314503	0.169807	10097.847656
5396.674666	0.645297	0.169807	10789.605469
5396.675659	0.087909	0.169807	10876.899414
5396.676548	0.085873	0.169807	10953.240234
5396.677528	0.085913	0.169807	11037.435547
5396.678563	0.085869	0.169807	11126.310547
5396.679474	0.085898	0.169807	11204.564453
5396.680330	0.085854	0.169807	11278.055664
5396.681388	0.085986	0.169807	11369.029297
5396.682390	0.085858	0.169807	11455.059570
5396.683259	0.085862	0.169807	11529.673828
5396.684242	0.086023	0.169807	11614.234375
5397.710289	1.049249	0.158258	462.718933
5397.711153	1.515974	0.158258	1772.520508
5397.712215	1.505347	0.158258	3371.198730
5397.713106	1.467341	0.158258	4678.599609
5397.713978	1.431522	0.158258	5926.886719
5397.714957	1.393286	0.158258	7290.914062
5397.715897	1.356779	0.158258	8566.286133
5397.716821	1.323534	0.158258	9789.231445
5397.717701	1.128446	0.158258	10782.263672
5397.718746	0.124087	0.158258	10911.934570
5397.719640	0.085745	0.158258	10988.589844
5397.720516	0.085891	0.158258	11063.830078
5397.721452	0.085953	0.158258	11144.282227
5397.722438	0.085895	0.158258	11228.974609
5397.723356	0.085884	0.158258	11307.816406
5397.724219	0.085950	0.158258	11381.991211
5397.725262	0.085939	0.158258	11471.625000
5397.726143	0.085862	0.158258	11547.269531
5397.727013	0.085931	0.158258	11622.030273
5398.725140	1.105188	0.172067	561.435486
5398.726032	1.521588	0.172067	1918.692139
5398.726894	1.507192	0.172067	3217.892090
5398.728014	1.462240	0.172067	4855.600586
5398.728975	1.423268	0.172067	6223.360840
5398.729839	1.388668	0.172067	7423.170410
5398.730900	1.349440	0.172067	8854.925781
5398.731934	1.312068	0.172067	10211.603516
5398.732825	0.756716	0.172067	10885.837891
5398.733744	0.095120	0.172067	10973.252930
5398.734828	0.085876	0.172067	11066.342773
5398.735753	0.085865	0.172067	11145.768555
5398.736617	0.085950	0.172067	11220.029297
5398.737635	0.085997	0.172067	11307.574219
5398.738656	0.085920	0.172067	11395.298828
5398.739545	0.085803	0.172067	11471.578125
5398.740491	0.085902	0.172067	11552.841797
5398.741554	0.085968	0.172067	11644.225586
5398.742495	0.085884	0.172067	11725.041992
5399.765955	1.035637	0.157686	442.217102
5399.766818	1.514663	0.157686	1749.371338
5399.767932	1.503673	0.157686	3424.463379
5399.768907	1.462654	0.157686	4850.550781
5399.769776	1.426908	0.157686	6090.533691
5399.770822	1.386149	0.157686	7540.445312
5399.771863	1.347367	0.157686	8943.054687
5399.772745	1.314745	0.157686	10102.660156
5399.773671	0.792100	0.157686	10836.144531
5399.774742	0.090443	0.157686	10933.008789
5399.775680	0.085825	0.157686	11013.512695
5399.776546	0.085946	0.157686	11087.942383
5399.777590	0.085884	0.157686	11177.605469
5399.778609	0.085906	0.157686	11265.143555
5399.779500	0.085935	0.157686	11341.711914
5399.780452	0.086074	0.157686	11423.654297
5399.781511	0.086023	0.157686	11514.752930
5399.782435	0.085869	0.157686	11594.095703
5399.783293	0.085994	0.157686	11667.877930
5400.781342	1.116929	0.167064	569.633606
5400.782275	1.522910	0.167064	1990.508789
5400.783154	1.506614	0.167064	3314.822266
5400.784124	1.465953	0.167064	4736.796875
5400.785158	1.423422	0.167064	6208.614746
5400.786051	1.387976	0.167064	7448.077148
5400.786916	1.354805	0.167064	8619.983398
5400.787980	1.316887	0.167064	10021.151367
5400.788925	0.872249	0.167064	10845.425781
5400.789799	0.103656	0.167064	10936.021484
5400.790750	0.085873	0.167064	11017.686523
5400.791796	0.085931	0.167064	11107.570312
5400.792676	0.085895	0.167064	11183.158203
5400.793533	0.085858	0.167064	11256.738281
5400.794563	0.086034	0.167064	11345.353516
5400.795510	0.085939	0.167064	11426.737305
5400.796390	0.085902	0.167064	11502.331055
5400.797308	0.085979	0.167064	11581.259766
5400.798367	0.085942	0.167064	11672.272461
5401.822697	1.064875	0.155990	493.037354
5401.823586	1.518391	0.155990	1842.887085
5401.824574	1.506702	0.155990	3331.508301
5401.825520	1.466008	0.155990	4718.352051
5401.826431	1.428311	0.155990	6019.542969
5401.827314	1.392946	0.155990	7249.513672
5401.828345	1.354512	0.155990	8646.015625
5401.829248	1.321622	0.155990	9839.440430
5401.830127	1.104126	0.155990	10809.966797
5401.831076	0.151578	0.155990	10953.814453
5401.832044	0.085829	0.155990	11036.896484
5401.832965	0.085858	0.155990	11115.971680
5401.833827	0.085840	0.155990	11189.965820
5401.834855	0.085909	0.155990	11278.280273
5401.835742	0.085869	0.155990	11354.446289
5401.836610	0.085847	0.155990	11428.961914
5401.837464	0.085880	0.155990	11502.303711
5401.838516	0.085851	0.155990	11592.619141
5401.839413	0.085880	0.155990	11669.653320
5402.838494	1.078275	0.165408	486.302063
5402.839368	1.517366	0.165408	1812.479736
5402.840391	1.505804	0.165408	3352.917480
5402.841446	1.461962	0.165408	4895.287109
5402.842327	1.424930	0.165408	6150.650879
5402.843194	1.389287	0.165408	7355.163086
5402.844307	1.349326	0.165408	8856.962891
5402.845274	1.314240	0.165408	10127.832031
5402.846138	0.874277	0.165408	10883.208008
5402.847161	0.095490	0.165408	10980.893555
5402.848195	0.085796	0.165408	11069.606445
5402.849083	0.085891	0.165408	11145.877930
5402.850008	0.085902	0.165408	11225.336914
5402.851070	0.085917	0.165408	11316.580078
5402.852016	0.085789	0.165408	11397.736328
5402.852879	0.085811	0.165408	11471.791016
5402.853899	0.085895	0.165408	11559.403320
5402.854920	0.085792	0.165408	11646.997070
5402.855814	0.085851	0.165408	11723.748047
5403.879941	1.073287	0.155333	535.570374
5403.880997	1.523207	0.155333	2144.076904
5403.881943	1.499363	0.155333	3562.474121
5403.882814	1.462028	0.155333	4835.900391
5403.883880	1.419229	0.155333	6348.797852
5403.884899	1.379128	0.155333	7754.129883
5403.885797	1.345679	0.155333	8962.548828
5403.886760	1.311412	0.155333	10225.439453
5403.887818	0.531215	0.155333	10787.464844
5403.888739	0.087209	0.155333	10867.785156
5403.889604	0.085781	0.155333	10941.986328
5403.890696	0.085902	0.155333	11035.791016
5403.891689	0.085796	0.155333	11120.986328
5403.892585	0.085829	0.155333	11197.888672
5403.893587	0.085975	0.155333	11284.036133
5403.894636	0.085833	0.155333	11374.074219
5403.895528	0.085854	0.155333	11450.656250
5403.896386	0.085928	0.155333	11524.381836
5403.897477	0.085898	0.155333	11618.096680
5404.894710	1.091162	0.165448	523.757812
5404.895599	1.519988	0.165448	1875.026978
5404.896465	1.509543	0.165448	3182.291504
5404.897540	1.464785	0.165448	4756.935547
5404.898493	1.426029	0.165448	6115.941406
5404.899377	1.391067	0.165448	7345.644531
5404.900309	1.356160	0.165448	8609.584961
5404.901356	1.318202	0.165448	9989.742187
5404.902260	0.958821	0.165448	10856.516602
5404.903129	0.116547	0.165448	10957.795898
5404.904183	0.085880	0.165448	11048.313477
5404.905126	0.085884	0.165448	11129.301758
5404.905998	0.085807	0.165448	11204.125000
5404.906918	0.085873	0.165448	11283.127930
5404.907991	0.085942	0.165448	11375.343750
5404.908865	0.085869	0.165448	11450.393555
5404.909730	0.085854	0.165448	11524.657227
5404.910740	0.085986	0.165448	11611.502930
5404.911705	0.085840	0.165448	11694.337891
5405.936083	1.058009	0.153980	469.756012
5405.936955	1.516798	0.153980	1792.403931
5405.937944	1.508412	0.153980	3284.223145
5405.938868	1.468693	0.153980	4641.294922
5405.939739	1.432485	0.153980	5888.989746
5405.940634	1.395839	0.153980	7138.265137
5405.941643	1.358379	0.153980	8508.869141
5405.942572	1.324812	0.153980	9739.619141
5405.943451	1.180507	0.153980	10777.284180
5405.944481	0.146638	0.153980	10928.321289
5405.945375	0.085726	0.153980	11004.960937
5405.946249	0.085873	0.153980	11080.013672
5405.947127	0.085990	0.153980	11155.512695
5405.948161	0.085829	0.153980	11244.259766
5405.949041	0.085957	0.153980	11319.902344
5405.949905	0.085887	0.153980	11394.109375
5405.950894	0.085953	0.153980	11479.117187
5405.951806	0.085873	0.153980	11557.433594
5405.952720	0.085891	0.153980	11635.938477
5406.951886	1.057119	0.165803	466.189545
5406.952753	1.515912	0.165803	1780.485107
5406.953866	1.502622	0.165803	3452.903320
5406.954835	1.461998	0.165803	4869.579590
5406.955697	1.426359	0.165803	6099.100586
5406.956739	1.385665	0.165803	7542.963867
5406.957780	1.346971	0.165803	8945.161133
5406.958664	1.314532	0.165803	10107.208008
5406.959592	0.789628	0.165803	10839.982422
5406.960653	0.090601	0.165803	10936.109375
5406.961587	0.085822	0.165803	11016.266602
5406.962455	0.085840	0.165803	11090.775391
5406.963488	0.085917	0.165803	11179.527344
5406.964520	0.085833	0.165803	11268.106445
5406.965416	0.085814	0.165803	11344.996094
5406.966353	0.085983	0.165803	11425.561523
5406.967396	0.085865	0.165803	11515.119141
5406.968330	0.085887	0.165803	11595.337891
5406.969195	0.085876	0.165803	11669.621094
5407.993372	1.111216	0.156775	564.497620
5407.994393	1.523954	0.156775	2120.454590
5407.995287	1.502388	0.156775	3463.589355
5407.996248	1.462079	0.156775	4868.646973
5407.997313	1.418185	0.156775	6379.013672
5407.998253	1.381293	0.156775	7677.428711
5407.999123	1.348118	0.156775	8850.291016
5408.000199	1.310032	0.156775	10259.884766
5408.001202	0.541370	0.156775	10802.878906
5408.002091	0.088169	0.156775	10881.260742
5408.003068	0.085836	0.156775	10965.123047
5408.004121	0.085950	0.156775	11055.627930
5408.005035	0.085887	0.156775	11134.128906
5408.005898	0.085847	0.156775	11208.214844
5408.006986	0.085953	0.156775	11301.732422
5408.007985	0.085840	0.156775	11387.486328
5408.008861	0.085854	0.156775	11462.695312
5408.009864	0.085997	0.156775	11548.950195
5408.010926	0.085942	0.156775	11640.220703
5409.006529	1.032722	0.170166	437.874237
5409.007491	1.515344	0.170166	1895.635498
5409.008395	1.508357	0.170166	3259.190186
5409.009319	1.469539	0.170166	4617.043945
5409.010188	1.433423	0.170166	5862.688477
5409.011183	1.393301	0.170166	7249.022461
5409.012099	1.358342	0.170166	8493.263672
5409.012989	1.326412	0.170166	9673.770508
5409.013978	1.083710	0.170166	10745.559570
5409.014915	0.139365	0.170166	10876.144531
5409.015836	0.085763	0.170166	10955.131836
5409.016709	0.085917	0.170166	11030.136719
5409.017647	0.085858	0.170166	11110.671875
5409.018596	0.085880	0.170166	11192.171875
5409.019486	0.085898	0.170166	11268.621094
5409.020417	0.086023	0.170166	11348.708008
5409.021383	0.086001	0.170166	11431.785156
5409.022297	0.085833	0.170166	11510.236328
5409.023155	0.085851	0.170166	11583.896484
5410.051525	1.035436	0.153722	444.201965
5410.052389	1.514429	0.153722	1752.668457
5410.053460	1.504889	0.153722	3364.404297
5410.054451	1.462917	0.153722	4814.155273
5410.055335	1.426912	0.153722	6075.544922
5410.056346	1.387544	0.153722	7478.351562
5410.057403	1.348436	0.153722	8903.648437
5410.058292	1.315316	0.153722	10072.964844
5410.059185	0.848005	0.153722	10830.233398
5410.060277	0.092802	0.153722	10931.572266
5410.061216	0.085873	0.153722	11012.207031
5410.062074	0.085917	0.153722	11085.923828
5410.063111	0.086045	0.153722	11175.152344
5410.064152	0.085917	0.153722	11264.591797
5410.065043	0.085891	0.153722	11341.121094
5410.065973	0.085964	0.153722	11421.068359
5410.067038	0.086023	0.153722	11512.682617
5410.067975	0.085873	0.153722	11593.145508
5410.068837	0.085913	0.153722	11667.202148
5411.063823	1.102361	0.164328	558.896973
5411.064713	1.521178	0.164328	1912.745239
5411.065579	1.507401	0.164328	3218.154541
5411.066679	1.462335	0.164328	4826.723145
5411.067678	1.421323	0.164328	6246.625000
5411.068575	1.386636	0.164328	7490.437500
5411.069574	1.349231	0.164328	8838.319336
5411.070635	1.311171	0.164328	10229.471680
5411.071531	0.719125	0.164328	10873.807617
5411.072409	0.093461	0.164328	10955.866211
5411.073511	0.085803	0.164328	11050.420898
5411.074469	0.085884	0.164328	11132.697266
5411.075339	0.085869	0.164328	11207.403320
5411.076376	0.085953	0.164328	11296.537109
5411.077403	0.085862	0.164328	11384.716797
5411.078298	0.085862	0.164328	11461.563477
5411.079239	0.086008	0.164328	11542.497070
5411.080280	0.085968	0.164328	11631.990234
5411.081211	0.085862	0.164328	11711.927734
5412.108761	1.045364	0.150733	467.277618
5412.109625	1.516516	0.150733	1777.547485
5412.110641	1.506229	0.150733	3307.876465
5412.111551	1.467817	0.150733	4643.590332
5412.112426	1.431910	0.150733	5896.511719
5412.113389	1.394399	0.150733	7239.318359
5412.114345	1.357471	0.150733	8537.060547
5412.115276	1.323830	0.150733	9769.546875
5412.116145	1.166525	0.150733	10783.256836
5412.117212	0.132173	0.150733	10924.285156
5412.118110	0.085752	0.150733	11001.290039
5412.118988	0.085884	0.150733	11076.696289
5412.119868	0.085975	0.150733	11152.354492
5412.120910	0.085876	0.150733	11241.837891
5412.121790	0.085884	0.150733	11317.416016
5412.122667	0.085902	0.150733	11392.751953
5412.123671	0.085931	0.150733	11479.027344
5412.124593	0.085869	0.150733	11558.198242
5412.125507	0.085946	0.150733	11636.752930
5413.120514	1.088679	0.160385	538.896179
5413.121389	1.519918	0.160385	1868.824707
5413.122326	1.507050	0.160385	3280.930176
5413.123399	1.462090	0.160385	4849.752441
5413.124340	1.423868	0.160385	6189.612793
5413.125208	1.389016	0.160385	7395.278809
5413.126245	1.350297	0.160385	8795.536133
5413.127275	1.313071	0.160385	10148.000000
5413.128172	0.807495	0.160385	10872.323242
5413.129128	0.097899	0.160385	10965.915039
5413.130196	0.085851	0.160385	11057.603516
5413.131117	0.085865	0.160385	11136.685547
5413.131984	0.085854	0.160385	11211.121094
5413.133069	0.086005	0.160385	11304.436523
5413.134066	0.085833	0.160385	11390.011719
5413.134960	0.085961	0.160385	11466.860352
5413.135954	0.086067	0.160385	11552.411133
5413.136983	0.086100	0.160385	11641.007812
5413.137885	0.085906	0.160385	11718.495117
5414.166062	1.137316	0.148247	609.601196
5414.167097	1.524346	0.148247	2187.298828
5414.167993	1.500549	0.148247	3531.791016
5414.168937	1.461127	0.148247	4911.094727
5414.170001	1.417632	0.148247	6419.455078
5414.170942	1.380868	0.148247	7718.851562
5414.171811	1.347675	0.148247	8889.980469
5414.172878	1.309944	0.148247	10287.690430
5414.173891	0.536558	0.148247	10831.223633
5414.174774	0.088392	0.148247	10909.274414
5414.175762	0.085913	0.148247	10994.156250
5414.176808	0.085906	0.148247	11084.013672
5414.177718	0.085906	0.148247	11162.187500
5414.178577	0.085931	0.148247	11236.002930
5414.179653	0.086016	0.148247	11328.555664
5414.180650	0.085906	0.148247	11414.204102
5414.181520	0.085953	0.148247	11488.983398
5414.182497	0.085975	0.148247	11572.981445
5414.183552	0.085979	0.148247	11663.689453
5415.175606	1.039083	0.163668	436.414948
5415.176711	1.522672	0.163668	2118.967529
5415.177632	1.501392	0.163668	3501.749023
5415.178519	1.463840	0.163668	4800.175293
5415.179525	1.423667	0.163668	6232.384277
5415.180514	1.384050	0.163668	7601.209961
5415.181396	1.350927	0.163668	8792.727539
5415.182260	1.318521	0.163668	9931.929687
5415.183358	0.775060	0.163668	10782.945312
5415.184266	0.094409	0.163668	10868.668945
5415.185132	0.085876	0.163668	10943.038086
5415.186112	0.085997	0.163668	11027.315430
5415.187123	0.085869	0.163668	11114.128906
5415.188016	0.085913	0.163668	11190.849609
5415.188877	0.085906	0.163668	11264.814453
5415.189939	0.085957	0.163668	11356.100586
5415.190875	0.085869	0.163668	11436.473633
5415.191750	0.085898	0.163668	11511.634766
5415.192696	0.085906	0.163668	11592.901367
5416.222740	1.112260	0.150749	561.691040
5416.223735	1.523646	0.150749	2077.718994
5416.224630	1.503190	0.150749	3423.073730
5416.225607	1.462350	0.150749	4851.789551
5416.226680	1.418840	0.150749	6374.205078
5416.227584	1.382812	0.150749	7624.267578
5416.228450	1.348945	0.150749	8792.454102
5416.229568	1.310079	0.150749	10257.123047
5416.230558	0.580188	0.150749	10831.508789
5416.231422	0.089220	0.150749	10908.594727
5416.232520	0.085942	0.150749	11002.958984
5416.233539	0.085862	0.150749	11090.452148
5416.234422	0.085876	0.150749	11166.281250
5416.235349	0.085931	0.150749	11245.939453
5416.236403	0.085924	0.150749	11336.503906
5416.237344	0.085887	0.150749	11417.324219
5416.238202	0.085869	0.150749	11491.000000
5416.239261	0.085957	0.150749	11582.028320
5416.240278	0.085884	0.150749	11669.372070
5417.232929	1.118991	0.160328	570.685181
5417.233874	1.523031	0.160328	2009.949463
5417.234738	1.506207	0.160328	3311.312500
5417.235785	1.462515	0.160328	4842.565430
5417.236816	1.420690	0.160328	6307.296387
5417.237693	1.385555	0.160328	7522.428711
5417.238640	1.350011	0.160328	8800.888672
5417.239710	1.311335	0.160328	10204.017578
5417.240649	0.690546	0.160328	10852.439453
5417.241515	0.092377	0.160328	10932.437500
5417.242552	0.085898	0.160328	11021.514648
5417.243562	0.085876	0.160328	11108.250000
5417.244447	0.085847	0.160328	11184.224609
5417.245403	0.085935	0.160328	11266.378906
5417.246465	0.085884	0.160328	11357.587891
5417.247384	0.085887	0.160328	11436.518555
5417.248245	0.085854	0.160328	11510.439453
5417.249327	0.085994	0.160328	11603.484375
5417.250327	0.085876	0.160328	11689.361328
5418.279466	1.134672	0.150133	588.894531
5418.280422	1.523423	0.150133	2045.286743
5418.281298	1.505160	0.150133	3363.806641
5418.282220	1.465833	0.150133	4715.304199
5418.283291	1.422865	0.150133	6239.192383
5418.284194	1.386962	0.150133	7491.618652
5418.285064	1.354032	0.150133	8669.626953
5418.286102	1.316605	0.150133	10036.263672
5418.287081	0.825630	0.150133	10844.555664
5418.287952	0.099218	0.150133	10930.974609
5418.288860	0.085807	0.150133	11008.887695
5418.289947	0.085953	0.150133	11102.319336
5418.290822	0.085792	0.150133	11177.387695
5418.291680	0.085862	0.150133	11251.057617
5418.292697	0.085990	0.150133	11338.509766
5418.293661	0.085862	0.150133	11421.280273
5418.294535	0.085909	0.150133	11496.365234
5418.295395	0.085931	0.150133	11570.266602
5418.296501	0.085920	0.150133	11665.294922
5419.288631	1.118719	0.159756	614.177002
5419.289688	1.523599	0.159756	2224.620850
5419.290600	1.498418	0.159756	3591.178223
5419.291464	1.459958	0.159756	4852.582031
5419.292574	1.416628	0.159756	6425.039551
5419.293542	1.378755	0.159756	7759.674316
5419.294416	1.346001	0.159756	8936.079102
5419.295452	1.309380	0.159756	10292.596680
5419.296507	0.486394	0.159756	10805.742187
5419.297387	0.087231	0.159756	10882.505859
5419.298275	0.085917	0.159756	10958.799805
5419.299363	0.085961	0.159756	11052.325195
5419.300312	0.085862	0.159756	11133.807617
5419.301180	0.085847	0.159756	11208.323242
5419.302188	0.085887	0.159756	11294.897461
5419.303226	0.085844	0.159756	11384.002930
5419.304119	0.085811	0.159756	11460.631836
5419.305046	0.085862	0.159756	11540.225586
5419.306106	0.085847	0.159756	11631.223633
5420.336613	1.079568	0.149492	500.919495
5420.337491	1.518069	0.149492	1833.783936
5420.338483	1.506270	0.149492	3328.003418
5420.339534	1.462262	0.149492	4864.840820
5420.340443	1.424733	0.149492	6159.922852
5420.341308	1.389360	0.149492	7361.719727
5420.342386	1.350018	0.149492	8817.039062
5420.343383	1.313599	0.149492	10126.697266
5420.344265	0.851909	0.149492	10878.081055
5420.345252	0.099126	0.149492	10975.917969
5420.346309	0.085847	0.149492	11066.658203
5420.347196	0.085873	0.149492	11142.827148
5420.348065	0.085854	0.149492	11217.434570
5420.349157	0.085997	0.149492	11311.343750
5420.350128	0.085811	0.149492	11394.666016
5420.350996	0.085851	0.149492	11469.184570
5420.352053	0.086023	0.149492	11560.110352
5420.353105	0.085833	0.149492	11650.406250
5420.353993	0.085829	0.149492	11726.622070
5421.344191	1.030038	0.160949	437.766113
5421.345198	1.517311	0.160949	1965.697998
5421.346259	1.500231	0.160949	3557.442871
5421.347147	1.461797	0.160949	4855.518555
5421.348035	1.424553	0.160949	6120.521484
5421.349129	1.382860	0.160949	7633.370117
5421.350094	1.346887	0.160949	8933.116211
5421.350957	1.315210	0.160949	10068.142578
5421.351972	0.737190	0.160949	10816.390625
5421.353012	0.089557	0.160949	10909.529297
5421.353885	0.085822	0.160949	10984.451172
5421.354816	0.085983	0.160949	11064.500977
5421.355886	0.086052	0.160949	11156.577148
5421.356833	0.085898	0.160949	11237.922852
5421.357699	0.086001	0.160949	11312.399414
5421.358725	0.086012	0.160949	11400.647461
5421.359748	0.085975	0.160949	11488.600586
5421.360635	0.085719	0.160949	11564.633789
5421.361567	0.085986	0.160949	11644.773437
5422.393826	1.043606	0.145830	479.015106
5422.394711	1.518468	0.145830	1822.859375
5422.395622	1.507983	0.145830	3196.632324
5422.396631	1.466667	0.145830	4676.500000
5422.397547	1.429259	0.145830	5985.701172
5422.398422	1.394308	0.145830	7205.720703
5422.399530	1.353479	0.145830	8705.375000
5422.400431	1.319996	0.145830	9894.691406
5422.401309	1.055288	0.145830	10821.234375
5422.402218	0.137996	0.145830	10946.672852
5422.403236	0.085770	0.145830	11033.987305
5422.404120	0.085884	0.145830	11109.908203
5422.404987	0.085935	0.145830	11184.414062
5422.405972	0.085928	0.145830	11269.052734
5422.406888	0.085774	0.145830	11347.622070
5422.407808	0.085924	0.145830	11426.671875
5422.408674	0.085924	0.145830	11501.082031
5422.409731	0.085865	0.145830	11591.841797
5422.410627	0.085909	0.145830	11668.816406
5423.401523	1.112798	0.155112	606.474854
5423.402565	1.523496	0.155112	2193.958008
5423.403484	1.498520	0.155112	3571.098389
5423.404359	1.460233	0.155112	4848.802734
5423.405449	1.417189	0.155112	6393.538574
5423.406445	1.378044	0.155112	7766.070801
5423.407343	1.344950	0.155112	8973.835937
5423.408332	1.309618	0.155112	10269.047852
5423.409396	0.492986	0.155112	10793.584961
5423.410286	0.087045	0.155112	10871.054687
5423.411154	0.085818	0.155112	10945.544922
5423.412254	0.086034	0.155112	11040.182617
5423.413218	0.085869	0.155112	11122.960937
5423.414081	0.085844	0.155112	11197.043945
5423.415101	0.085840	0.155112	11284.600586
5423.416142	0.085873	0.155112	11373.994141
5423.417018	0.085851	0.155112	11449.199219
5423.417940	0.085961	0.155112	11528.455078
5423.419001	0.085906	0.155112	11619.601562
5424.451003	1.051110	0.146100	443.568237
5424.452126	1.522621	0.146100	2153.471436
5424.453101	1.498502	0.146100	3614.510986
5424.453968	1.461398	0.146100	4881.542969
5424.455065	1.417529	0.146100	6436.572266
5424.456091	1.377118	0.146100	7849.495117
5424.456983	1.343899	0.146100	9048.252930
5424.457934	1.310153	0.146100	10294.208008
5424.458989	0.500695	0.146100	10822.440430
5424.459916	0.087074	0.146100	10903.158203
5424.460774	0.085997	0.146100	10976.944336
5424.461831	0.086030	0.146100	11067.877930
5424.462852	0.085917	0.146100	11155.598633
5424.463728	0.085961	0.146100	11230.900391
5424.464680	0.086056	0.146100	11312.825195
5424.465752	0.085946	0.146100	11404.958984
5424.466650	0.085920	0.146100	11482.115234
5424.467519	0.085975	0.146100	11556.828125
5424.468596	0.085975	0.146100	11649.423828
5425.457603	1.034747	0.156445	440.802368
5425.458490	1.514026	0.156445	1783.743286
5425.459545	1.504336	0.156445	3370.817871
5425.460430	1.466836	0.156445	4668.967773
5425.461303	1.431064	0.156445	5918.287109
5425.462331	1.391547	0.156445	7348.796875
5425.463235	1.355687	0.156445	8574.337891
5425.464157	1.322468	0.156445	9793.653320
5425.465038	1.083043	0.156445	10747.814453
5425.466079	0.117664	0.156445	10870.301758
5425.466966	0.085756	0.156445	10946.367187
5425.467841	0.085847	0.156445	11021.483398
5425.468793	0.086008	0.156445	11103.363281
5425.469771	0.085873	0.156445	11187.346680
5425.470690	0.085869	0.156445	11266.260742
5425.471552	0.085884	0.156445	11340.292969
5425.472585	0.085887	0.156445	11429.014648
5425.473463	0.085851	0.156445	11504.391602
5425.474330	0.085950	0.156445	11578.910156
5426.507802	1.085226	0.145746	564.317444
5426.508859	1.523375	0.145746	2174.524902
5426.509787	1.498667	0.145746	3565.287842
5426.510656	1.460903	0.145746	4834.812500
5426.511754	1.417375	0.145746	6391.090820
5426.512751	1.378191	0.145746	7765.147461
5426.513640	1.345378	0.145746	8961.188477
5426.514643	1.309537	0.145746	10274.654297
5426.515686	0.501753	0.145746	10797.982422
5426.516582	0.087261	0.145746	10876.167969
5426.517440	0.085913	0.145746	10949.881836
5426.518542	0.086144	0.145746	11044.812500
5426.519497	0.085906	0.145746	11126.852539
5426.520365	0.085891	0.145746	11201.406250
5426.521375	0.086115	0.145746	11288.381836
5426.522423	0.085924	0.145746	11378.430664
5426.523293	0.085913	0.145746	11453.174805
5426.524159	0.085909	0.145746	11527.572266
5426.525255	0.086060	0.145746	11621.893555
5427.514396	1.097358	0.151970	576.113159
5427.515461	1.523467	0.151970	2198.605225
5427.516384	1.498623	0.151970	3581.834229
5427.517255	1.460610	0.151970	4854.025879
5427.518357	1.416764	0.151970	6415.299805
5427.519351	1.377979	0.151970	7785.010742
5427.520249	1.344664	0.151970	8992.519531
5427.521273	1.308259	0.151970	10332.176758
5427.522315	0.478352	0.151970	10830.619141
5427.523188	0.087220	0.151970	10906.762695
5427.524049	0.085931	0.151970	10980.750000
5427.525151	0.085931	0.151970	11075.446289
5427.526113	0.085884	0.151970	11158.066406
5427.526972	0.085884	0.151970	11231.840820
5427.528015	0.086107	0.151970	11321.650391
5427.529039	0.085898	0.151970	11409.610352
5427.529907	0.085873	0.151970	11484.148437
5427.530811	0.086012	0.151970	11561.903320
5427.531885	0.086012	0.151970	11654.280273
5428.563930	1.066538	0.145049	478.875610
5428.564797	1.516285	0.145049	1793.495117
5428.565839	1.504966	0.145049	3361.669434
5428.566720	1.467063	0.145049	4654.151855
5428.567598	1.431324	0.145049	5910.854492
5428.568586	1.392689	0.145049	7286.831543
5428.569518	1.356958	0.145049	8551.516602
5428.570403	1.324724	0.145049	9723.897461
5428.571363	1.073496	0.145049	10754.454102
5428.572385	0.118315	0.145049	10875.372070
5428.573272	0.085807	0.145049	10951.482422
5428.574130	0.086030	0.145049	11025.296875
5428.575189	0.086001	0.145049	11116.372070
5428.576126	0.085975	0.145049	11196.930664
5428.576991	0.085928	0.145049	11271.257812
5428.577934	0.086034	0.145049	11352.387695
5428.578986	0.085961	0.145049	11442.818359
5428.579863	0.085880	0.145049	11518.134766
5428.580728	0.085975	0.145049	11592.503906
5429.570492	1.052380	0.152675	448.314026
5429.571600	1.521801	0.152675	2134.468994
5429.572569	1.499451	0.152675	3587.436768
5429.573431	1.462434	0.152675	4848.054687
5429.574472	1.420254	0.152675	6326.539062
5429.575523	1.379762	0.152675	7776.668945
5429.576398	1.346217	0.152675	8954.609375
5429.577330	1.312775	0.152675	10178.115234
5429.578386	0.596382	0.152675	10807.894531
5429.579324	0.088008	0.152675	10890.446289
5429.580192	0.085880	0.152675	10964.990234
5429.581230	0.086100	0.152675	11054.362305
5429.582257	0.086001	0.152675	11142.685547
5429.583147	0.085869	0.152675	11219.109375
5429.584078	0.085997	0.152675	11299.172852
5429.585147	0.085994	0.152675	11391.099609
5429.586084	0.085902	0.152675	11471.589844
5429.586947	0.085939	0.152675	11545.754883
5429.588021	0.086052	0.152675	11638.174805
5430.620693	1.079513	0.141246	555.949158
5430.621748	1.523016	0.141246	2162.731445
5430.622666	1.499597	0.141246	3539.361816
5430.623528	1.462284	0.141246	4799.850586
5430.624599	1.419756	0.141246	6320.409180
5430.625608	1.380223	0.141246	7713.054687
5430.626484	1.347235	0.141246	8893.232422
5430.627457	1.312280	0.141246	10170.081055
5430.628525	0.581136	0.141246	10790.734375
5430.629421	0.088158	0.141246	10869.723633
5430.630288	0.085946	0.141246	10944.239258
5430.631365	0.086034	0.141246	11036.897461
5430.632356	0.085946	0.141246	11122.070312
5430.633253	0.085858	0.141246	11199.084961
5430.634237	0.086012	0.141246	11283.720703
5430.635288	0.085997	0.141246	11374.103516
5430.636188	0.085953	0.141246	11451.461914
5430.637051	0.085975	0.141246	11525.658203
5430.638158	0.086049	0.141246	11620.914062
5431.626685	1.036882	0.153311	441.711853
5431.627752	1.521306	0.153311	2064.945557
5431.628774	1.498345	0.153311	3596.253906
5431.629671	1.460306	0.153311	4906.148926
5431.630635	1.421466	0.153311	6276.442383
5431.631702	1.379579	0.153311	7748.453125
5431.632636	1.344547	0.153311	9004.259766
5431.633504	1.312350	0.153311	10143.378906
5431.634586	0.590750	0.153311	10782.570312
5431.635566	0.087312	0.153311	10868.135742
5431.636456	0.085851	0.153311	10944.542969
5431.637459	0.086019	0.153311	11030.820312
5431.638505	0.086005	0.153311	11120.781250
5431.639399	0.085913	0.153311	11197.587891
5431.640260	0.085928	0.153311	11271.571289
5431.641360	0.086052	0.153311	11366.228516
5431.642327	0.085825	0.153311	11449.221680
5431.643182	0.085865	0.153311	11522.636719
5431.644264	0.086016	0.153311	11615.706055
5432.678442	1.120836	0.141476	583.955627
5432.679326	1.521050	0.141476	1928.563721
5432.680190	1.508210	0.141476	3231.657471
5432.681258	1.463496	0.141476	4794.671387
5432.682237	1.423682	0.141476	6188.455566
5432.683104	1.388661	0.141476	7392.424805
5432.683975	1.354318	0.141476	8572.035156
5432.685093	1.315693	0.141476	10042.980469
5432.686014	0.874969	0.141476	10848.827148
5432.686878	0.104073	0.141476	10938.747070
5432.687924	0.085884	0.141476	11028.581055
5432.688902	0.085833	0.141476	11112.525391
5432.689774	0.085818	0.141476	11187.358398
5432.690633	0.085833	0.141476	11261.088867
5432.691761	0.085847	0.141476	11357.924805
5432.692654	0.085796	0.141476	11434.541016
5432.693514	0.085876	0.141476	11508.394531
5432.694604	0.085964	0.141476	11602.095703
5432.695585	0.085774	0.141476	11686.240234
5433.684046	1.160365	0.150628	655.606201
5433.685082	1.523866	0.150628	2234.331543
5433.685971	1.499421	0.150628	3567.317139
5433.686868	1.460658	0.150628	4877.527344
5433.687942	1.417936	0.150628	6400.390137
5433.688896	1.380626	0.150628	7717.507812
5433.689760	1.348008	0.150628	8882.186523
5433.690801	1.310515	0.150628	10246.432617
5433.691847	0.548654	0.150628	10820.324219
5433.692716	0.088213	0.150628	10896.981445
5433.693661	0.085942	0.150628	10978.197266
5433.694717	0.086063	0.150628	11069.080078
5433.695655	0.085858	0.150628	11149.615234
5433.696520	0.085865	0.150628	11223.888672
5433.697580	0.085994	0.150628	11315.041992
5433.698587	0.085946	0.150628	11401.589844
5433.699478	0.085935	0.150628	11478.158203
5433.700426	0.085990	0.150628	11559.676758
5433.701474	0.085979	0.150628	11649.783203
5434.733579	1.080568	0.142334	546.767212
5434.734651	1.523071	0.142334	2179.499512
5434.735580	1.498685	0.142334	3571.778320
5434.736453	1.460684	0.142334	4846.955078
5434.737528	1.417771	0.142334	6371.058594
5434.738543	1.377872	0.142334	7769.599121
5434.739438	1.344954	0.142334	8973.332031
5434.740408	1.310218	0.142334	10244.244141
5434.741470	0.504800	0.142334	10780.341797
5434.742382	0.087114	0.142334	10859.790039
5434.743241	0.085891	0.142334	10933.570312
5434.744344	0.085957	0.142334	11028.380859
5434.745303	0.085913	0.142334	11110.771484
5434.746178	0.085939	0.142334	11185.967773
5434.747198	0.085961	0.142334	11273.647461
5434.748254	0.085939	0.142334	11364.398437
5434.749135	0.085909	0.142334	11440.084961
5434.750001	0.085953	0.142334	11514.520508
5434.751094	0.086023	0.142334	11608.543945
5435.740182	1.084233	0.152908	561.632874
5435.741243	1.523111	0.152908	2177.654053
5435.742172	1.498638	0.152908	3569.888672
5435.743042	1.460958	0.152908	4840.922363
5435.744107	1.418232	0.152908	6351.339844
5435.745116	1.378828	0.152908	7742.577148
5435.746008	1.345774	0.152908	8943.007812
5435.746985	1.310739	0.152908	10223.599609
5435.748056	0.515673	0.152908	10775.884766
5435.748958	0.087286	0.152908	10854.617187
5435.749817	0.085873	0.152908	10928.381836
5435.750910	0.086045	0.152908	11022.428711
5435.751883	0.085968	0.152908	11106.075195
5435.752764	0.085873	0.152908	11181.729492
5435.753748	0.086012	0.152908	11266.365234
5435.754784	0.085928	0.152908	11355.386719
5435.755676	0.085898	0.152908	11432.007812
5435.756533	0.085964	0.152908	11505.679687
5435.757628	0.086012	0.152908	11599.862305
5436.791314	1.103225	0.138829	558.231934
5436.792206	1.520973	0.138829	1914.939697
5436.793069	1.506409	0.138829	3214.970459
5436.794203	1.460585	0.138829	4871.273437
5436.795180	1.421224	0.138829	6259.809570
5436.796051	1.386771	0.138829	7467.687500
5436.797080	1.348099	0.138829	8854.881836
5436.798121	1.311086	0.138829	10219.722656
5436.799021	0.722578	0.138829	10870.042969
5436.799937	0.093867	0.138829	10956.025391
5436.800990	0.085898	0.138829	11046.476562
5436.801930	0.085876	0.138829	11127.200195
5436.802791	0.085862	0.138829	11201.126953
5436.803842	0.085953	0.138829	11291.463867
5436.804855	0.085902	0.138829	11378.482422
5436.805731	0.085924	0.138829	11453.751953
5436.806681	0.086023	0.138829	11535.473633
5436.807741	0.085935	0.138829	11626.564453
5436.808669	0.085891	0.138829	11706.271484
5437.797370	1.061396	0.147474	519.022888
5437.798366	1.522540	0.147474	2035.473145
5437.799296	1.502446	0.147474	3432.748047
5437.800172	1.465455	0.147474	4716.486816
5437.801204	1.424436	0.147474	6186.504883
5437.802088	1.387467	0.147474	7413.025879
5437.803012	1.353307	0.147474	8663.481445
5437.803891	1.320179	0.147474	9823.918945
5437.804944	0.914242	0.147474	10786.615234
5437.805830	0.106311	0.147474	10880.806641
5437.806706	0.085730	0.147474	10955.906250
5437.807690	0.085913	0.147474	11040.444336
5437.808626	0.085822	0.147474	11120.773437
5437.809543	0.085844	0.147474	11199.492187
5437.810406	0.085891	0.147474	11273.616211
5437.811443	0.085840	0.147474	11362.631836
5437.812322	0.085844	0.147474	11438.087891
5437.813184	0.085906	0.147474	11512.138672
5437.814120	0.085898	0.147474	11592.540039
5438.847005	1.113494	0.141375	564.541321
5438.848022	1.523295	0.141375	2113.731934
5438.848923	1.501633	0.141375	3466.703613
5438.849898	1.460812	0.141375	4890.995117
5438.850964	1.417354	0.141375	6401.894043
5438.851892	1.380736	0.141375	7683.217285
5438.852758	1.347550	0.141375	8850.195312
5438.853830	1.309695	0.141375	10254.188477
5438.854834	0.545156	0.141375	10801.525391
5438.855723	0.088315	0.141375	10880.038086
5438.856712	0.086016	0.141375	10965.107422
5438.857769	0.085928	0.141375	11055.932617
5438.858672	0.085906	0.141375	11133.505859
5438.859531	0.085920	0.141375	11207.311523
5438.860623	0.085928	0.141375	11301.144531
5438.861597	0.085844	0.141375	11384.755859
5438.862462	0.085891	0.141375	11459.051758
5438.863478	0.086041	0.141375	11546.469727
5438.864531	0.085983	0.141375	11637.009766
5439.853065	1.077902	0.151241	544.340332
5439.854118	1.522430	0.151241	2147.459473
5439.855047	1.499370	0.151241	3540.374268
5439.855912	1.462137	0.151241	4805.123047
5439.856977	1.419785	0.151241	6317.194336
5439.858000	1.379517	0.151241	7728.439941
5439.858879	1.346499	0.151241	8912.012695
5439.859868	1.311482	0.151241	10209.068359
5439.860928	0.557578	0.151241	10800.101562
5439.861827	0.087579	0.151241	10878.834961
5439.862694	0.085796	0.151241	10953.219727
5439.863752	0.085887	0.151241	11044.088867
5439.864748	0.085803	0.151241	11129.548828
5439.865627	0.085836	0.151241	11204.999023
5439.866605	0.085983	0.151241	11289.089844
5439.867658	0.085942	0.151241	11379.586914
5439.868560	0.085825	0.151241	11457.000977
5439.869423	0.085844	0.151241	11531.083984
5439.870518	0.085953	0.151241	11625.203125
5440.903696	1.104075	0.140694	555.349609
5440.904688	1.523317	0.140694	2066.479736
5440.905586	1.502933	0.140694	3416.113770
5440.906576	1.461299	0.140694	4862.799805
5440.907638	1.418720	0.140694	6369.479980
5440.908532	1.382952	0.140694	7605.838867
5440.909423	1.348733	0.140694	8807.559570
5440.910516	1.310083	0.140694	10239.480469
5440.911483	0.626158	0.140694	10844.975586
5440.912350	0.090077	0.140694	10923.072266
5440.913398	0.085865	0.140694	11013.059570
5440.914427	0.085829	0.140694	11101.377930
5440.915319	0.085851	0.140694	11177.957031
5440.916243	0.085880	0.140694	11257.310547
5440.917285	0.085935	0.140694	11346.854492
5440.918221	0.085895	0.140694	11427.251953
5440.919080	0.085858	0.140694	11501.003906
5440.920131	0.085950	0.140694	11591.336914
5440.921146	0.085844	0.140694	11678.467773
5441.909829	1.156553	0.150395	652.295715
5441.910888	1.523588	0.150395	2265.774902
5441.911775	1.498334	0.150395	3594.796875
5441.912670	1.459493	0.150395	4901.043457
5441.913760	1.416456	0.150395	6444.980469
5441.914716	1.379304	0.150395	7763.595215
5441.915585	1.346400	0.150395	8933.617187
5441.916633	1.309164	0.150395	10305.621094
5441.917669	0.503855	0.150395	10827.615234
5441.918541	0.087396	0.150395	10903.825195
5441.919481	0.085781	0.150395	10984.459961
5441.920543	0.085887	0.150395	11075.672852
5441.921477	0.085825	0.150395	11155.833984
5441.922346	0.085880	0.150395	11230.463867
5441.923375	0.085953	0.150395	11318.910156
5441.924395	0.085873	0.150395	11406.500000
5441.925289	0.085807	0.150395	11483.210937
5441.926254	0.085953	0.150395	11566.156250
5441.927307	0.085942	0.150395	11656.653320
5442.960888	1.085676	0.136606	524.381653
5442.961774	1.518655	0.136606	1869.909912
5442.962738	1.505940	0.136606	3321.635986
5442.963805	1.461259	0.136606	4880.798828
5442.964730	1.423235	0.136606	6197.291016
5442.965593	1.388353	0.136606	7395.439941
5442.966655	1.349403	0.136606	8828.505859
5442.967674	1.312566	0.136606	10166.010742
5442.968551	0.812739	0.136606	10878.783203
5442.969514	0.097679	0.136606	10972.848633
5442.970565	0.085778	0.136606	11063.000977
5442.971487	0.085756	0.136606	11142.067383
5442.972357	0.085833	0.136606	11216.741211
5442.973433	0.085994	0.136606	11309.270508
5442.974424	0.085847	0.136606	11394.344727
5442.975308	0.085840	0.136606	11470.227539
5442.976293	0.085847	0.136606	11554.787109
5442.977350	0.085950	0.136606	11645.635742
5442.978252	0.085887	0.136606	11723.106445
5443.967006	1.095494	0.147115	575.134583
5443.967952	1.522526	0.147115	2015.443848
5443.968872	1.503384	0.147115	3398.556885
5443.969742	1.466016	0.147115	4673.990234
5443.970789	1.424165	0.147115	6165.090820
5443.971688	1.388357	0.147115	7413.223633
5443.972565	1.355218	0.147115	8601.750000
5443.973519	1.320971	0.147115	9861.956055
5443.974510	0.964988	0.147115	10818.258789
5443.975384	0.116393	0.147115	10919.986328
5443.976276	0.085796	0.147115	10996.516602
5443.977358	0.085898	0.147115	11089.458984
5443.978254	0.085833	0.147115	11166.365234
5443.979121	0.085851	0.147115	11240.797852
5443.980118	0.086056	0.147115	11326.595703
5443.981088	0.085767	0.147115	11409.789062
5443.981971	0.085854	0.147115	11485.598633
5443.982834	0.085884	0.147115	11559.716797
5443.983937	0.085865	0.147115	11654.426758
5445.015996	1.026834	0.136823	433.323761
5445.016980	1.516025	0.136823	1925.092773
5445.017913	1.505120	0.136823	3329.369385
5445.018829	1.466653	0.136823	4672.823242
5445.019700	1.430149	0.136823	5918.482910
5445.020752	1.389434	0.136823	7380.166992
5445.021645	1.355464	0.136823	8590.595703
5445.022568	1.322216	0.136823	9811.000977
5445.023441	1.097615	0.136823	10769.218750
5445.024447	0.128379	0.136823	10898.368164
5445.025371	0.085712	0.136823	10977.565430
5445.026229	0.085873	0.136823	11051.244141
5445.027259	0.085906	0.136823	11139.727539
5445.028148	0.085829	0.136823	11216.029297
5445.029018	0.085822	0.136823	11290.694336
5445.029906	0.085895	0.136823	11366.968750
5445.030932	0.085895	0.136823	11455.096680
5445.031823	0.085822	0.136823	11531.563477
5445.032695	0.085840	0.136823	11606.416016
5446.024640	1.038820	0.145557	445.653595
5446.025505	1.514172	0.145557	1755.412598
5446.026625	1.502043	0.145557	3437.701172
5446.027589	1.461639	0.145557	4846.721680
5446.028466	1.425751	0.145557	6097.104980
5446.029495	1.385303	0.145557	7522.581543
5446.030544	1.346437	0.145557	8934.994141
5446.031437	1.313602	0.145557	10108.041016
5446.032358	0.797322	0.145557	10842.374023
5446.033429	0.090139	0.145557	10938.913086
5446.034378	0.085756	0.145557	11020.294922
5446.035239	0.085884	0.145557	11094.241211
5446.036284	0.085902	0.145557	11184.008789
5446.037300	0.085829	0.145557	11271.210937
5446.038176	0.085800	0.145557	11346.371094
5446.039136	0.085898	0.145557	11428.833984
5446.040186	0.085964	0.145557	11519.096680
5446.041107	0.085811	0.145557	11598.127930
5446.041962	0.085836	0.145557	11671.517578
5447.071175	1.049110	0.138124	457.412048
5447.072042	1.514956	0.138124	1770.878906
5447.073164	1.501945	0.138124	3456.060791
5447.074131	1.461053	0.138124	4868.899414
5447.074997	1.425791	0.138124	6103.634277
5447.076061	1.384197	0.138124	7576.419922
5447.077110	1.345137	0.138124	8987.468750
5447.077995	1.312892	0.138124	10149.377930
5447.078937	0.758544	0.138124	10863.925781
5447.079971	0.090242	0.138124	10957.235352
5447.080908	0.085807	0.138124	11037.636719
5447.081767	0.085913	0.138124	11111.436523
5447.082787	0.085891	0.138124	11199.045898
5447.083824	0.085818	0.138124	11288.039062
5447.084712	0.085814	0.138124	11364.242187
5447.085649	0.085865	0.138124	11444.698242
5447.086706	0.085924	0.138124	11535.519531
5447.087642	0.085781	0.138124	11615.810547
5447.088508	0.085895	0.138124	11690.195312
5448.081341	1.027141	0.142982	436.535004
5448.082202	1.513491	0.142982	1739.651001
5448.083288	1.503746	0.142982	3372.719482
5448.084214	1.464620	0.142982	4728.958008
5448.085094	1.428724	0.142982	5986.235352
5448.086060	1.391243	0.142982	7330.175781
5448.087086	1.352032	0.142982	8717.361328
5448.087984	1.319301	0.142982	9902.093750
5448.088851	1.049502	0.142982	10812.011719
5448.089918	0.109955	0.142982	10929.333984
5448.090850	0.085759	0.142982	11009.261719
5448.091718	0.085811	0.142982	11083.745117
5448.092665	0.085847	0.142982	11165.041992
5448.093718	0.085825	0.142982	11255.416016
5448.094601	0.085873	0.142982	11331.242187
5448.095458	0.085811	0.142982	11404.782227
5448.096484	0.085909	0.142982	11492.925781
5448.097446	0.085770	0.142982	11575.436523
5448.098320	0.085778	0.142982	11650.406250
5449.127869	1.034253	0.133826	441.626038
5449.128845	1.514890	0.133826	1920.158691
5449.129908	1.500040	0.133826	3514.701660
5449.130838	1.460793	0.133826	4873.239746
5449.131704	1.424601	0.133826	6106.944336
5449.132769	1.383556	0.133826	7580.431641
5449.133769	1.346081	0.133826	8926.513672
5449.134650	1.314529	0.133826	10084.613281
5449.135657	0.730115	0.133826	10819.838867
5449.136705	0.089260	0.133826	10913.383789
5449.137602	0.085759	0.133826	10990.309570
5449.138460	0.085818	0.133826	11063.941406
5449.139547	0.086041	0.133826	11157.468750
5449.140538	0.085862	0.133826	11242.557617
5449.141414	0.085913	0.133826	11317.817383
5449.142405	0.085975	0.133826	11403.018555
5449.143460	0.085880	0.133826	11493.622070
5449.144351	0.085770	0.133826	11570.042969
5449.145217	0.085957	0.133826	11644.481445
5450.138048	1.031971	0.142229	439.619843
5450.139058	1.518636	0.142229	1973.442749
5450.140128	1.499330	0.142229	3577.725586
5450.141006	1.461138	0.142229	4860.604492
5450.141933	1.422942	0.142229	6179.671875
5450.143008	1.381018	0.142229	7664.266113
5450.143956	1.345862	0.142229	8940.142578
5450.144821	1.314521	0.142229	10077.203125
5450.145852	0.701338	0.142229	10800.282227
5450.146871	0.088535	0.142229	10890.500000
5450.147764	0.085708	0.142229	10967.037109
5450.148705	0.085909	0.142229	11047.877930
5450.149755	0.085887	0.142229	11138.059570
5450.150694	0.085854	0.142229	11218.676758
5450.151556	0.085909	0.142229	11292.730469
5450.152614	0.085986	0.142229	11383.704102
5450.153619	0.085836	0.142229	11469.969727
5450.154501	0.085847	0.142229	11545.686523
5450.155456	0.085869	0.142229	11627.691406
5451.184076	1.046107	0.132779	459.241058
5451.184938	1.514886	0.132779	1765.073242
5451.186042	1.502216	0.132779	3423.519043
5451.187017	1.460837	0.132779	4847.835449
5451.187908	1.424879	0.132779	6117.402832
5451.188927	1.384948	0.132779	7528.664551
5451.189981	1.345990	0.132779	8947.337891
5451.190872	1.313247	0.132779	10117.441406
5451.191799	0.785284	0.132779	10845.400391
5451.192865	0.089938	0.132779	10941.274414
5451.193816	0.085763	0.132779	11022.834961
5451.194677	0.085865	0.132779	11096.765625
5451.195721	0.085950	0.132779	11186.497070
5451.196749	0.085909	0.132779	11274.811523
5451.197641	0.085858	0.132779	11351.397461
5451.198581	0.085836	0.132779	11432.083008
5451.199616	0.085946	0.132779	11521.037109
5451.200545	0.085891	0.132779	11600.830078
5451.201406	0.085818	0.132779	11674.719727
5452.194242	1.036567	0.147087	446.760529
5452.195105	1.514227	0.147087	1753.538574
5452.196187	1.503812	0.147087	3380.663574
5452.197115	1.464456	0.147087	4739.678223
5452.197993	1.428754	0.147087	5994.124023
5452.198961	1.391122	0.147087	7340.729980
5452.199979	1.352443	0.147087	8717.516602
5452.200873	1.319850	0.147087	9897.462891
5452.201735	1.060386	0.147087	10811.515625
5452.202772	0.113383	0.147087	10929.093750
5452.203724	0.085767	0.147087	11010.743164
5452.204595	0.085822	0.147087	11085.494141
5452.205519	0.085814	0.147087	11164.786133
5452.206586	0.085818	0.147087	11256.353516
5452.207477	0.085774	0.147087	11332.778320
5452.208340	0.085785	0.147087	11406.810547
5452.209382	0.085979	0.147087	11496.400391
5452.210348	0.085829	0.147087	11579.311523
5452.211224	0.085836	0.147087	11654.503906
5453.240259	1.029558	0.132251	446.828186
5453.241131	1.514663	0.132251	1767.614502
5453.241996	1.511843	0.132251	3075.358887
5453.243037	1.469004	0.132251	4604.591797
5453.243932	1.431735	0.132251	5885.994141
5453.244810	1.396802	0.132251	7112.386230
5453.245674	1.361920	0.132251	8289.084961
5453.246732	1.324570	0.132251	9690.480469
5453.247631	1.177841	0.132251	10749.359375
5453.248510	0.191239	0.132251	10917.458008
5453.249499	0.085836	0.132251	11002.349609
5453.250444	0.085931	0.132251	11083.554687
5453.251371	0.085891	0.132251	11163.175781
5453.252234	0.085950	0.132251	11237.350586
5453.253276	0.085829	0.132251	11326.784180
5453.254162	0.085884	0.132251	11402.876953
5453.255036	0.085902	0.132251	11477.955078
5453.256019	0.085898	0.132251	11562.393555
5453.256972	0.085844	0.132251	11644.202148
5454.252078	1.139073	0.139486	607.126160
5454.253118	1.523489	0.139486	2191.554443
5454.254016	1.499678	0.139486	3538.265137
5454.254984	1.459369	0.139486	4950.934570
5454.256049	1.415530	0.139486	6458.473633
5454.256986	1.379011	0.139486	7750.607422
5454.257853	1.345869	0.139486	8917.475586
5454.258930	1.307908	0.139486	10326.091797
5454.259927	0.490386	0.139486	10815.006836
5454.260818	0.087766	0.139486	10893.206055
5454.261807	0.085931	0.139486	10978.192383
5454.262857	0.085935	0.139486	11068.423828
5454.263759	0.085836	0.139486	11145.847656
5454.264614	0.085928	0.139486	11219.315430
5454.265709	0.086038	0.139486	11313.526367
5454.266692	0.085865	0.139486	11397.931641
5454.267571	0.085858	0.139486	11473.401367
5454.268559	0.086030	0.139486	11558.399414
5454.269631	0.085917	0.139486	11650.501953
5455.296009	1.101427	0.130849	546.307800
5455.296920	1.520914	0.130849	1931.860840
5455.297784	1.506768	0.130849	3233.708008
5455.298895	1.461083	0.130849	4856.971191
5455.299891	1.420111	0.130849	6271.401855
5455.300790	1.385204	0.130849	7516.700195
5455.301796	1.347924	0.130849	8872.710937
5455.302837	1.310409	0.130849	10236.846680
5455.303743	0.696628	0.130849	10867.992187
5455.304607	0.092864	0.130849	10948.226562
5455.305711	0.085939	0.130849	11043.102539
5455.306668	0.085862	0.130849	11125.272461
5455.307528	0.085887	0.130849	11199.135742
5455.308583	0.085994	0.130849	11289.859375
5455.309619	0.085917	0.130849	11378.869141
5455.310499	0.085844	0.130849	11454.411133
5455.311434	0.085953	0.130849	11534.777344
5455.312504	0.085990	0.130849	11626.787109
5455.313438	0.085968	0.130849	11707.081055
5456.307644	1.031195	0.143772	438.257904
5456.308617	1.514890	0.143772	1912.245972
5456.309641	1.501912	0.143772	3450.203613
5456.310533	1.463990	0.143772	4756.083008
5456.311399	1.427611	0.143772	5992.394531
5456.312489	1.385951	0.143772	7503.081055
5456.313421	1.350604	0.143772	8761.843750
5456.314295	1.319059	0.143772	9914.701172
5456.315275	0.901604	0.143772	10798.273437
5456.316294	0.097489	0.143772	10897.615234
5456.317171	0.085884	0.143772	10972.935547
5456.318027	0.085953	0.143772	11046.511719
5456.319073	0.085990	0.143772	11136.457031
5456.320011	0.085854	0.143772	11216.988281
5456.320889	0.085909	0.143772	11292.416992
5456.321833	0.086034	0.143772	11373.632812
5456.322878	0.085997	0.143772	11463.500000
5456.323767	0.085891	0.143772	11539.857422
5456.324629	0.085865	0.143772	11613.873047
5457.353159	1.032799	0.128198	451.333160
5457.354024	1.514652	0.128198	1761.507202
5457.355077	1.504603	0.128198	3345.854492
5457.356123	1.460801	0.128198	4873.852051
5457.357019	1.424074	0.128198	6149.822266
5457.357967	1.386881	0.128198	7464.585449
5457.359033	1.347202	0.128198	8900.703125
5457.359953	1.313265	0.128198	10108.907227
5457.360828	0.854473	0.128198	10856.570312
5457.361876	0.092703	0.128198	10953.722656
5457.362903	0.085814	0.128198	11041.853516
5457.363794	0.085895	0.128198	11118.385742
5457.364771	0.085997	0.128198	11202.405273
5457.365826	0.085950	0.128198	11293.082031
5457.366745	0.085917	0.128198	11372.039062
5457.367606	0.085862	0.128198	11445.965820
5457.368693	0.085862	0.128198	11539.297852
5457.369681	0.085939	0.128198	11624.205078
5457.370576	0.085818	0.128198	11701.011719
5458.364979	1.138718	0.142966	609.214233
5458.366006	1.523441	0.142966	2173.788330
5458.366896	1.500381	0.142966	3509.127197
5458.367848	1.460295	0.142966	4899.328125
5458.368906	1.417416	0.142966	6398.954102
5458.369844	1.380634	0.142966	7693.988281
5458.370706	1.347799	0.142966	8855.791016
5458.371770	1.310347	0.142966	10250.000000
5458.372797	0.549763	0.142966	10814.606445
5458.373664	0.088348	0.142966	10891.204102
5458.374622	0.085873	0.142966	10973.470703
5458.375673	0.085968	0.142966	11063.823242
5458.376592	0.085796	0.142966	11142.669922
5458.377461	0.085924	0.142966	11217.337891
5458.378544	0.085909	0.142966	11310.377930
5458.379531	0.085858	0.142966	11395.120117
5458.380417	0.085928	0.142966	11471.251953
5458.381396	0.085942	0.142966	11555.389648
5458.382451	0.085953	0.142966	11646.070312
5459.408929	1.114962	0.128782	573.090515
5459.409842	1.521335	0.128782	1962.069580
5459.410718	1.506204	0.128782	3281.503906
5459.411715	1.465217	0.128782	4742.325684
5459.412724	1.423308	0.128782	6178.443359
5459.413609	1.388060	0.128782	7406.876953
5459.414477	1.354625	0.128782	8582.691406
5459.415533	1.317048	0.128782	9973.494141
5459.416468	0.917853	0.128782	10831.686523
5459.417342	0.108567	0.128782	10926.574219
5459.418312	0.085822	0.128782	11009.821289
5459.419340	0.085829	0.128782	11098.053711
5459.420222	0.085785	0.128782	11173.715820
5459.421081	0.085895	0.128782	11247.499023
5459.422140	0.085880	0.128782	11338.446289
5459.423075	0.085836	0.128782	11418.703125
5459.423952	0.085865	0.128782	11494.006836
5459.424916	0.085869	0.128782	11576.785156
5459.425935	0.085818	0.128782	11664.233398
5460.422163	1.105986	0.139865	557.417053
5460.423069	1.520867	0.139865	1935.322266
5460.423939	1.505980	0.139865	3245.524902
5460.425038	1.460933	0.139865	4851.089844
5460.426033	1.420111	0.139865	6264.100586
5460.426932	1.385024	0.139865	7509.237305
5460.427928	1.348143	0.139865	8851.988281
5460.428982	1.310325	0.139865	10233.070312
5460.429883	0.702103	0.139865	10865.665039
5460.430748	0.092765	0.139865	10945.906250
5460.431859	0.085986	0.139865	11041.437500
5460.432829	0.085895	0.139865	11124.755859
5460.433692	0.085946	0.139865	11198.927734
5460.434766	0.086071	0.139865	11291.367187
5460.435776	0.085873	0.139865	11378.098633
5460.436663	0.085902	0.139865	11454.293945
5460.437592	0.086027	0.139865	11534.212891
5460.438649	0.086019	0.139865	11625.135742
5460.439595	0.085884	0.139865	11706.381836
5461.465619	1.105895	0.129101	558.476807
5461.466507	1.520178	0.129101	1908.395020
5461.467429	1.505402	0.129101	3296.375244
5461.468512	1.460526	0.129101	4878.125000
5461.469465	1.421726	0.129101	6233.030273
5461.470330	1.387423	0.129101	7433.151367
5461.471375	1.348491	0.129101	8842.325195
5461.472407	1.311420	0.129101	10195.709961
5461.473296	0.765952	0.129101	10876.641602
5461.474263	0.095625	0.129101	10969.111328
5461.475319	0.085858	0.129101	11059.777344
5461.476229	0.085884	0.129101	11137.931641
5461.477091	0.085887	0.129101	11211.966797
5461.478128	0.085986	0.129101	11301.134766
5461.479141	0.085895	0.129101	11388.146484
5461.480037	0.085909	0.129101	11465.121094
5461.481007	0.085986	0.129101	11548.527344
5461.482061	0.085913	0.129101	11639.080078
5461.482977	0.085891	0.129101	11717.755859
5462.478367	1.122110	0.142640	575.642700
5462.479314	1.522723	0.142640	2017.661621
5462.480179	1.505592	0.142640	3319.998779
5462.481234	1.461482	0.142640	4861.862305
5462.482271	1.419408	0.142640	6333.788086
5462.483152	1.384340	0.142640	7553.391113
5462.484091	1.349322	0.142640	8820.405273
5462.485161	1.310684	0.142640	10222.836914
5462.486104	0.671177	0.142640	10855.756836
5462.486967	0.091787	0.142640	10934.968750
5462.488036	0.085972	0.142640	11026.872070
5462.489044	0.085913	0.142640	11113.472656
5462.489916	0.085939	0.142640	11188.411133
5462.490880	0.086027	0.142640	11271.340820
5462.491932	0.085994	0.142640	11361.805664
5462.492850	0.085931	0.142640	11440.690430
5462.493715	0.085898	0.142640	11514.992187
5462.494780	0.085983	0.142640	11606.563477
5462.495781	0.085906	0.142640	11692.554687
5463.567262	0.085873	0.168884	3900.171143
