time (s)	coil I (A)	last det (V)	int current (uC)
5101.153886	1.179005	0.265701	670.853943
5101.154944	1.526660	0.265701	2286.060547
5101.155833	1.500828	0.265701	3620.296387
5101.156722	1.461929	0.265701	4919.951172
5101.157818	1.418489	0.265701	6474.614746
5101.158770	1.381168	0.265701	7789.486816
5101.159644	0.606017	0.265701	8319.145508
5101.160688	0.087839	0.265701	8410.849609
5101.161720	0.085924	0.265701	8499.523437
5101.162600	0.085887	0.265701	8575.104492
5101.163515	0.086005	0.265701	8653.798828
5101.164592	0.086005	0.265701	8746.425781
5101.165514	0.085876	0.265701	8825.603516
5101.166383	0.085924	0.265701	8900.271484
5101.167405	0.086008	0.265701	8988.171875
5101.168421	0.085924	0.265701	9075.470703
5101.169303	0.085836	0.265701	9151.177734
5102.156222	1.031268	0.285331	438.289001
5102.157263	1.521434	0.285331	2022.102051
5102.158297	1.502369	0.285331	3575.552002
5102.159173	1.464038	0.285331	4858.049316
5102.160108	1.425773	0.285331	6191.146484
5102.161184	1.383512	0.285331	7679.805176
5102.162133	0.590222	0.285331	8239.925781
5102.162998	0.089469	0.285331	8317.316406
5102.164043	0.085920	0.285331	8407.103516
5102.165061	0.085935	0.285331	8494.584961
5102.165948	0.085865	0.285331	8570.748047
5102.166908	0.086125	0.285331	8653.428711
5102.167961	0.086041	0.285331	8744.030273
5102.168890	0.085986	0.285331	8823.911133
5102.169751	0.086012	0.285331	8897.967773
5102.170818	0.086027	0.285331	8989.757812
5102.171818	0.085975	0.285331	9075.733398
5103.217175	1.082897	0.262398	560.940491
5103.218214	1.526140	0.262398	2146.600098
5103.219113	1.503666	0.262398	3498.395508
5103.219979	1.466188	0.262398	4768.114258
5103.221032	1.423722	0.262398	6267.293457
5103.221988	1.386061	0.262398	7592.367676
5103.222874	0.765476	0.262398	8270.579102
5103.223809	0.095065	0.262398	8359.464844
5103.224848	0.085953	0.262398	8448.770508
5103.225742	0.085917	0.262398	8525.580078
5103.226604	0.085946	0.262398	8599.666016
5103.227638	0.086093	0.262398	8688.685547
5103.228588	0.085968	0.262398	8770.355469
5103.229455	0.085961	0.262398	8844.883789
5103.230351	0.085997	0.262398	8921.937500
5103.231454	0.085972	0.262398	9016.764648
5103.232325	0.085990	0.262398	9091.662109
5104.208840	1.036172	0.285094	449.698608
5104.209701	1.516454	0.285094	1755.365356
5104.210814	1.505354	0.285094	3430.824463
5104.211773	1.464613	0.285094	4835.388672
5104.212650	1.428622	0.285094	6088.290039
5104.213662	1.388412	0.285094	7493.362793
5104.214717	0.642759	0.285094	8171.473145
5104.215604	0.089637	0.285094	8250.981445
5104.216501	0.085865	0.285094	8328.002930
5104.217597	0.085895	0.285094	8422.143555
5104.218539	0.085876	0.285094	8503.039062
5104.219404	0.085774	0.285094	8577.233398
5104.220453	0.086016	0.285094	8667.463867
5104.221469	0.085796	0.285094	8754.632812
5104.222363	0.085836	0.285094	8831.370117
5104.223306	0.085961	0.285094	8912.430664
5104.224347	0.085920	0.285094	9001.874023
5105.278416	1.046232	0.258837	460.341919
5105.279289	1.518292	0.258837	1785.811035
5105.280323	1.507705	0.258837	3344.777832
5105.281356	1.464137	0.258837	4857.231445
5105.282250	1.427593	0.258837	6133.499512
5105.283212	1.390008	0.258837	7470.687500
5105.284248	0.693973	0.258837	8189.644043
5105.285172	0.090073	0.258837	8272.872070
5105.286032	0.085880	0.258837	8346.728516
5105.287092	0.085997	0.258837	8437.885742
5105.288112	0.085964	0.258837	8525.569336
5105.288988	0.085844	0.258837	8600.768555
5105.289972	0.085939	0.258837	8685.332031
5105.291028	0.085887	0.258837	8776.029297
5105.291930	0.085869	0.258837	8853.483398
5105.292798	0.085972	0.258837	8928.106445
5105.293853	0.085906	0.258837	9018.737305
5106.267657	1.094110	0.273536	549.243286
5106.268561	1.522734	0.273536	1925.795166
5106.269425	1.509327	0.273536	3229.854004
5106.270524	1.464844	0.273536	4839.717285
5106.271523	1.423883	0.273536	6262.176270
5106.272395	1.389177	0.273536	7473.539062
5106.273392	0.730455	0.273536	8201.802734
5106.274445	0.088861	0.273536	8295.373047
5106.275338	0.085942	0.273536	8372.119141
5106.276222	0.086060	0.273536	8448.195312
5106.277319	0.085939	0.273536	8542.469727
5106.278279	0.085979	0.273536	8625.009766
5106.279146	0.085920	0.273536	8699.502930
5106.280150	0.086049	0.273536	8785.895508
5106.281187	0.085946	0.273536	8875.021484
5106.282076	0.085906	0.273536	8951.391602
5106.283010	0.086060	0.273536	9031.771484
5107.334625	1.072852	0.255377	495.657410
5107.335499	1.519633	0.255377	1823.816162
5107.336368	1.512122	0.255377	3137.849854
5107.337449	1.468198	0.255377	4724.972168
5107.338371	1.429991	0.255377	6043.424316
5107.339261	1.394817	0.255377	7284.811523
5107.340248	0.917450	0.255377	8190.334473
5107.341256	0.095149	0.255377	8286.244141
5107.342145	0.085774	0.255377	8362.497070
5107.343007	0.085851	0.255377	8436.500000
5107.344063	0.086005	0.255377	8527.321289
5107.344992	0.085946	0.255377	8607.165039
5107.345865	0.085939	0.255377	8682.189453
5107.346845	0.085935	0.255377	8766.406250
5107.347860	0.085950	0.255377	8853.645508
5107.348740	0.085895	0.255377	8929.232422
5107.349598	0.085862	0.255377	9002.902344
5108.325317	1.032979	0.269536	441.081848
5108.326303	1.517076	0.269536	1936.919189
5108.327351	1.503201	0.269536	3512.273437
5108.328276	1.463719	0.269536	4866.213867
5108.329140	1.427468	0.269536	6099.546387
5108.330232	1.385486	0.269536	7612.497070
5108.331233	0.588354	0.269536	8201.439453
5108.332102	0.089253	0.269536	8279.000000
5108.333080	0.085964	0.269536	8363.073242
5108.334134	0.085994	0.269536	8453.710937
5108.335039	0.085880	0.269536	8531.432617
5108.335904	0.085924	0.269536	8605.756836
5108.337005	0.085983	0.269536	8700.423828
5108.337975	0.085913	0.269536	8783.759766
5108.338857	0.085983	0.269536	8859.596680
5108.339855	0.086056	0.269536	8945.480469
5108.340910	0.085928	0.269536	9036.133789
5109.391807	1.032784	0.245511	440.998962
5109.392748	1.516534	0.245511	1868.057861
5109.393809	1.504329	0.245511	3464.150391
5109.394753	1.464511	0.245511	4846.648437
5109.395617	1.428439	0.245511	6080.819336
5109.396686	1.386874	0.245511	7563.387207
5109.397693	0.623840	0.245511	8191.594238
5109.398579	0.089733	0.245511	8271.097656
5109.399561	0.085946	0.245511	8355.497070
5109.400597	0.086008	0.245511	8444.601562
5109.401513	0.085964	0.245511	8523.344727
5109.402371	0.085957	0.245511	8597.095703
5109.403438	0.086008	0.245511	8688.866211
5109.404440	0.085844	0.245511	8774.881836
5109.405316	0.086005	0.245511	8850.221680
5109.406278	0.086001	0.245511	8932.955078
5109.407348	0.085975	0.245511	9024.948242
5110.382586	1.061345	0.258265	518.997803
5110.383653	1.524851	0.258265	2146.013916
5110.384601	1.501227	0.258265	3569.176758
5110.385476	1.463672	0.258265	4849.889648
5110.386543	1.420455	0.258265	6365.515625
5110.387565	1.380458	0.258265	7776.343750
5110.388464	0.546559	0.258265	8267.700195
5110.389424	0.088762	0.258265	8352.912109
5110.390479	0.085909	0.258265	8443.546875
5110.391405	0.085814	0.258265	8523.010742
5110.392268	0.085950	0.258265	8597.185547
5110.393328	0.086023	0.258265	8688.370117
5110.394308	0.085957	0.258265	8772.608398
5110.395193	0.085898	0.258265	8848.628906
5110.396180	0.085990	0.258265	8933.500977
5110.397227	0.085939	0.258265	9023.478516
5110.398133	0.085909	0.258265	9101.312500
5111.449021	1.026998	0.240073	434.420288
5111.450056	1.520574	0.240073	2008.214111
5111.451027	1.504464	0.240073	3469.048828
5111.451903	1.466792	0.240073	4753.958496
5111.452773	1.429449	0.240073	5997.579590
5111.453884	1.387756	0.240073	7539.376953
5111.454794	0.798292	0.240073	8265.823242
5111.455658	0.096376	0.240073	8349.091797
5111.456712	0.085928	0.240073	8439.659180
5111.457679	0.085800	0.240073	8522.626953
5111.458553	0.085862	0.240073	8597.669922
5111.459409	0.085909	0.240073	8671.208008
5111.460504	0.085953	0.240073	8765.327148
5111.461392	0.085884	0.240073	8841.591797
5111.462264	0.085942	0.240073	8916.533203
5111.463258	0.085924	0.240073	9001.941406
5111.464257	0.085854	0.240073	9087.709961
5112.441282	1.043163	0.251082	449.603241
5112.442151	1.516593	0.251082	1767.522705
5112.443272	1.504409	0.251082	3453.965332
5112.444253	1.463148	0.251082	4889.313477
5112.445120	1.427512	0.251082	6126.966797
5112.446192	1.385087	0.251082	7611.779785
5112.447251	0.524590	0.251082	8167.320312
5112.448146	0.087620	0.251082	8245.740234
5112.449053	0.085968	0.251082	8323.712891
5112.450133	0.086096	0.251082	8416.697266
5112.451079	0.085961	0.251082	8498.015625
5112.451941	0.085902	0.251082	8572.063477
5112.452994	0.086107	0.251082	8662.734375
5112.453997	0.085957	0.251082	8748.949219
5112.454874	0.086016	0.251082	8824.384766
5112.455822	0.086104	0.251082	8906.010742
5112.456865	0.086063	0.251082	8995.774414
5113.505207	1.030616	0.236145	431.828278
5113.506290	1.523522	0.236145	2081.802246
5113.507299	1.500729	0.236145	3596.037598
5113.508198	1.462815	0.236145	4911.108398
5113.509175	1.423407	0.236145	6301.776855
5113.510232	1.381739	0.236145	7762.275391
5113.511151	0.549869	0.236145	8267.605469
5113.512014	0.088931	0.236145	8344.352539
5113.513095	0.086001	0.236145	8437.319336
5113.514088	0.085946	0.236145	8522.664062
5113.514969	0.085931	0.236145	8598.369141
5113.515973	0.086122	0.236145	8684.835937
5113.517036	0.085931	0.236145	8776.180664
5113.517918	0.085917	0.236145	8851.958984
5113.518774	0.085964	0.236145	8925.544922
5113.519875	0.086085	0.236145	9020.325195
5113.520834	0.085968	0.236145	9102.768555
5114.499617	1.117566	0.249137	571.076233
5114.500622	1.525748	0.249137	2104.453369
5114.501507	1.505255	0.249137	3436.604004
5114.502517	1.462954	0.249137	4914.187500
5114.503581	1.419741	0.249137	6424.791992
5114.504480	1.383838	0.249137	7668.862305
5114.505347	0.684327	0.249137	8262.173828
5114.506456	0.087891	0.249137	8359.644531
5114.507421	0.085994	0.249137	8442.627930
5114.508278	0.086034	0.249137	8516.359375
5114.509295	0.086100	0.249137	8603.922852
5114.510343	0.086019	0.249137	8694.071289
5114.511235	0.085895	0.249137	8770.689453
5114.512157	0.086016	0.249137	8849.996094
5114.513212	0.086034	0.249137	8940.761719
5114.514168	0.085986	0.249137	9022.964844
5114.515038	0.085913	0.249137	9097.708984
5115.560905	1.048678	0.239694	459.320923
5115.561768	1.516611	0.239694	1768.156494
5115.562844	1.506412	0.239694	3389.056152
5115.563845	1.463723	0.239694	4854.243164
5115.564729	1.427860	0.239694	6116.471680
5115.565733	1.388796	0.239694	7510.823242
5115.566803	0.624489	0.239694	8179.025879
5115.567689	0.089257	0.239694	8258.107422
5115.568545	0.086071	0.239694	8331.784180
5115.569648	0.086107	0.239694	8426.760742
5115.570613	0.086019	0.239694	8509.769531
5115.571468	0.085994	0.239694	8583.293945
5115.572532	0.086107	0.239694	8674.912109
5115.573585	0.086060	0.239694	8765.533203
5115.574455	0.086012	0.239694	8840.363281
5115.575361	0.086016	0.239694	8918.292969
5115.576432	0.086085	0.239694	9010.490234
5116.560364	1.085369	0.252694	500.354950
5116.561244	1.519669	0.252694	1837.663818
5116.562115	1.512799	0.252694	3155.311768
5116.563122	1.471069	0.252694	4636.678711
5116.564038	1.432390	0.252694	5948.748047
5116.564922	1.397226	0.252694	7183.896484
5116.565884	1.013192	0.252694	8158.587402
5116.566914	0.104004	0.252694	8265.710937
5116.567807	0.085884	0.252694	8342.405273
5116.568683	0.085972	0.252694	8417.716797
5116.569636	0.086136	0.252694	8499.804687
5116.570610	0.085924	0.252694	8583.495117
5116.571485	0.086078	0.252694	8658.813477
5116.572394	0.085975	0.252694	8736.964844
5116.573459	0.085979	0.252694	8828.532227
5116.574337	0.085935	0.252694	8903.983398
5116.575193	0.086023	0.252694	8977.619141
5117.614518	1.022970	0.241793	430.670349
5117.615516	1.518138	0.241793	1945.772461
5117.616587	1.502395	0.241793	3554.837402
5117.617491	1.463156	0.241793	4877.530273
5117.618356	1.426110	0.241793	6111.115234
5117.619456	1.384570	0.241793	7634.142578
5117.620429	0.614974	0.241793	8232.512695
5117.621292	0.089916	0.241793	8310.110352
5117.622356	0.086122	0.241793	8401.744141
5117.623391	0.086019	0.241793	8490.774414
5117.624274	0.085939	0.241793	8566.658203
5117.625196	0.085994	0.241793	8645.944336
5117.626255	0.086078	0.241793	8737.100586
5117.627201	0.085950	0.241793	8818.409180
5117.628102	0.085979	0.241793	8895.875977
5117.628984	0.086005	0.241793	8971.732422
5117.629902	0.085924	0.241793	9050.610352
5118.623696	1.036172	0.264207	457.987976
5118.624560	1.517021	0.264207	1768.694580
5118.625577	1.507972	0.264207	3302.302490
5118.626623	1.464217	0.264207	4833.874023
5118.627523	1.427098	0.264207	6118.262695
5118.628468	1.390005	0.264207	7431.817383
5118.629540	0.669313	0.264207	8149.320801
5118.630483	0.088971	0.264207	8233.220703
5118.631352	0.085913	0.264207	8307.878906
5118.632402	0.086115	0.264207	8398.298828
5118.633413	0.086038	0.264207	8485.283203
5118.634307	0.085950	0.264207	8562.122070
5118.635280	0.086027	0.264207	8645.826172
5118.636333	0.086089	0.264207	8736.477539
5118.637244	0.085997	0.264207	8814.821289
5118.638104	0.085961	0.264207	8888.747070
5118.639175	0.086085	0.264207	8980.944336
5119.668151	1.048326	0.245894	440.297089
5119.669255	1.524291	0.245894	2123.114014
5119.670220	1.501890	0.245894	3572.437500
5119.671103	1.464119	0.245894	4865.254395
5119.672154	1.421385	0.245894	6359.130371
5119.673188	1.380945	0.245894	7787.027344
5119.674092	0.555348	0.245894	8289.061523
5119.675026	0.089114	0.245894	8372.293945
5119.676080	0.086104	0.245894	8463.046875
5119.677017	0.085990	0.245894	8543.619141
5119.677876	0.086005	0.245894	8617.497070
5119.678925	0.086023	0.245894	8707.735352
5119.679942	0.085983	0.245894	8795.179687
5119.680822	0.085983	0.245894	8870.844727
5119.681792	0.086060	0.245894	8954.322266
5119.682831	0.086060	0.245894	9043.738281
5119.683761	0.085942	0.245894	9123.665039
5120.688052	1.021282	0.256686	427.917053
5120.688925	1.514941	0.256686	1750.460937
5120.689993	1.506903	0.256686	3359.833496
5120.690885	1.468781	0.256686	4669.985840
5120.691766	1.432881	0.256686	5932.353516
5120.692780	1.393381	0.256686	7345.242187
5120.693716	0.948417	0.256686	8232.959961
5120.694589	0.109783	0.256686	8328.799805
5120.695585	0.086034	0.256686	8414.489258
5120.696588	0.085887	0.256686	8500.634766
5120.697470	0.086001	0.256686	8576.487305
5120.698325	0.085968	0.256686	8649.990234
5120.699381	0.086027	0.256686	8740.833984
5120.700314	0.085942	0.256686	8821.018555
5120.701191	0.086005	0.256686	8896.444336
5120.702146	0.085983	0.256686	8978.557617
5120.703160	0.085913	0.256686	9065.673828
5121.720271	1.044833	0.255558	460.771271
5121.721132	1.516780	0.255558	1766.718628
5121.722221	1.505574	0.255558	3406.288574
5121.723223	1.462925	0.255558	4872.139160
5121.724098	1.426937	0.255558	6120.708984
5121.725082	1.388397	0.255558	7486.891602
5121.726153	0.629198	0.255558	8160.762695
5121.727050	0.088964	0.255558	8240.563477
5121.727914	0.086008	0.255558	8314.875000
5121.729019	0.086129	0.255558	8410.047852
5121.729979	0.086005	0.255558	8492.612305
5121.730847	0.085953	0.255558	8567.219727
5121.731917	0.086118	0.255558	8659.366211
5121.732957	0.086008	0.255558	8748.814453
5121.733846	0.085946	0.255558	8825.220703
5121.734770	0.086067	0.255558	8904.746094
5121.735828	0.086188	0.255558	8995.932617
5122.748947	1.111985	0.263059	561.552368
5122.749910	1.524587	0.263059	2029.729980
5122.750786	1.507115	0.263059	3349.963135
5122.751815	1.463485	0.263059	4855.889160
5122.752849	1.421613	0.263059	6325.836426
5122.753748	1.385808	0.263059	7571.677734
5122.754684	0.738534	0.263059	8262.945312
5122.755747	0.088345	0.263059	8356.855469
5122.756701	0.085935	0.263059	8438.837891
5122.757562	0.086049	0.263059	8512.925781
5122.758610	0.086071	0.263059	8603.127930
5122.759617	0.085961	0.263059	8689.690430
5122.760502	0.085950	0.263059	8765.755859
5122.761456	0.086085	0.263059	8847.880859
5122.762506	0.085979	0.263059	8938.159180
5122.763436	0.085931	0.263059	9018.075195
5122.764299	0.085953	0.263059	9092.252930
5123.777464	1.023351	0.269625	429.807343
5123.778410	1.515469	0.269625	1863.440918
5123.779451	1.505145	0.269625	3430.297363
5123.780347	1.466821	0.269625	4744.569336
5123.781213	1.430845	0.269625	5983.680664
5123.782268	1.389646	0.269625	7449.756836
5123.783229	0.816292	0.269625	8234.212891
5123.784097	0.097339	0.269625	8318.703125
5123.785002	0.085869	0.269625	8396.415039
5123.786073	0.085931	0.269625	8488.447266
5123.786956	0.085880	0.269625	8564.279297
5123.787811	0.086063	0.269625	8637.863281
5123.788829	0.085957	0.269625	8725.367187
5123.789801	0.085924	0.269625	8808.885742
5123.790678	0.085935	0.269625	8884.250977
5123.791548	0.085975	0.269625	8959.049805
5123.792656	0.085950	0.269625	9054.282227
5124.801990	1.040526	0.275152	450.547760
5124.802986	1.522628	0.275152	1967.085449
5124.803876	1.508188	0.275152	3309.373047
5124.804746	1.471494	0.275152	4589.572754
5124.805772	1.430574	0.275152	6057.341309
5124.806666	1.393326	0.275152	7302.975098
5124.807590	1.003623	0.275152	8230.322266
5124.808468	0.116982	0.275152	8333.033203
5124.809520	0.085854	0.275152	8423.352539
5124.810413	0.086012	0.275152	8500.161133
5124.811283	0.085939	0.275152	8574.927734
5124.812250	0.086005	0.275152	8658.093750
5124.813202	0.086089	0.275152	8740.050781
5124.814120	0.085931	0.275152	8818.935547
5124.814983	0.085997	0.275152	8893.151367
5124.816014	0.086023	0.275152	8981.840820
5124.816889	0.085887	0.275152	9056.992187
5125.840311	1.022798	0.252029	430.597870
5125.841273	1.516743	0.252029	1889.704834
5125.842331	1.503530	0.252029	3480.439941
5125.843243	1.464543	0.252029	4816.103516
5125.844116	1.427611	0.252029	6062.408203
5125.845210	1.385651	0.252029	7578.310059
5125.846210	0.610990	0.252029	8189.299805
5125.847103	0.089561	0.252029	8269.277344
5125.848100	0.086067	0.252029	8355.085937
5125.849147	0.086030	0.252029	8445.159180
5125.850021	0.085957	0.252029	8520.285156
5125.850876	0.086074	0.252029	8593.878906
5125.851962	0.086133	0.252029	8687.418945
5125.852929	0.085994	0.252029	8770.575195
5125.853787	0.086023	0.252029	8844.382812
5125.854852	0.086067	0.252029	8936.043945
5125.855884	0.085986	0.252029	9024.782227
5126.853064	1.040281	0.275152	451.481812
5126.853934	1.516582	0.275152	1770.908203
5126.855025	1.505013	0.275152	3412.877930
5126.856026	1.462592	0.275152	4876.932129
5126.856916	1.426366	0.275152	6146.397949
5126.857897	1.388280	0.275152	7508.300781
5126.858958	0.627063	0.275152	8173.614746
5126.859864	0.088857	0.275152	8254.119141
5126.860727	0.085803	0.275152	8328.166992
5126.861816	0.086023	0.275152	8421.845703
5126.862797	0.085887	0.275152	8506.101562
5126.863680	0.085847	0.275152	8581.904297
5126.864678	0.086038	0.275152	8667.769531
5126.865723	0.085968	0.275152	8757.606445
5126.866604	0.085898	0.275152	8833.283203
5126.867481	0.085957	0.275152	8908.667969
5126.868582	0.086012	0.275152	9003.367187
5127.904797	1.113398	0.214026	564.492981
5127.905820	1.525452	0.214026	2125.030029
5127.906705	1.504395	0.214026	3456.419189
5127.907691	1.463258	0.214026	4899.191406
5127.908742	1.420232	0.214026	6391.855469
5127.909652	1.384010	0.214026	7651.304687
5127.910518	0.724453	0.214026	8278.680664
5127.911605	0.088872	0.214026	8375.284180
5127.912601	0.085898	0.214026	8460.838867
5127.913472	0.085920	0.214026	8535.675781
5127.914441	0.086056	0.214026	8619.063477
5127.915494	0.086008	0.214026	8709.629883
5127.916402	0.085957	0.214026	8787.678711
5127.917269	0.085939	0.214026	8862.187500
5127.918360	0.086177	0.214026	8956.206055
5127.919330	0.085880	0.214026	9039.509766
5127.920204	0.086034	0.214026	9114.703125
5128.906188	1.038724	0.289641	456.000031
5128.907061	1.517201	0.289641	1780.516479
5128.907928	1.512557	0.289641	3091.903809
5128.908976	1.469674	0.289641	4632.122070
5128.909876	1.432650	0.289641	5921.507324
5128.910756	1.397596	0.289641	7151.392090
5128.911723	1.038977	0.289641	8156.083008
5128.912706	0.111896	0.289641	8266.076172
5128.913633	0.085858	0.289641	8345.666992
5128.914498	0.086012	0.289641	8420.067383
5128.915529	0.086023	0.289641	8508.756836
5128.916411	0.085898	0.289641	8584.519531
5128.917279	0.085920	0.289641	8659.098633
5128.918156	0.085964	0.289641	8734.489258
5128.919199	0.085924	0.289641	8824.108398
5128.920088	0.085854	0.289641	8900.432617
5128.920965	0.085873	0.289641	8975.743164
5129.964564	1.110688	0.235130	558.676270
5129.965587	1.525045	0.235130	2118.797363
5129.966475	1.504211	0.235130	3454.537109
5129.967455	1.463452	0.235130	4888.720215
5129.968519	1.419507	0.235130	6399.075195
5129.969442	1.382974	0.235130	7675.560059
5129.970311	0.693274	0.235130	8278.014648
5129.971407	0.088077	0.235130	8374.547852
5129.972396	0.085979	0.235130	8459.581055
5129.973272	0.085917	0.235130	8534.843750
5129.974240	0.086082	0.235130	8618.170898
5129.975313	0.085946	0.235130	8710.390625
5129.976202	0.085906	0.235130	8786.760742
5129.977066	0.086012	0.235130	8861.075195
5129.978162	0.086027	0.235130	8955.360352
5129.979126	0.085869	0.235130	9038.138672
5129.980006	0.086005	0.235130	9113.822266
5130.964516	1.121012	0.284622	579.563171
5130.965529	1.525203	0.284622	2124.593506
5130.966428	1.503398	0.284622	3476.148682
5130.967403	1.462632	0.284622	4902.214844
5130.968467	1.418957	0.284622	6411.985352
5130.969398	1.382344	0.284622	7698.947266
5130.970271	0.657986	0.284622	8273.369141
5130.971365	0.087708	0.284622	8369.321289
5130.972346	0.085785	0.284622	8453.476562
5130.973235	0.085972	0.284622	8529.905273
5130.974234	0.086107	0.284622	8615.926758
5130.975257	0.085964	0.284622	8703.868164
5130.976146	0.085825	0.284622	8780.166992
5130.977005	0.085913	0.284622	8853.966797
5130.978109	0.086001	0.284622	8948.912109
5130.979069	0.085906	0.284622	9031.381836
5130.979926	0.085935	0.284622	9105.028320
5132.014559	1.053479	0.236742	486.707336
5132.015582	1.524976	0.236742	2046.757324
5132.016473	1.505922	0.236742	3388.533447
5132.017338	1.467543	0.236742	4657.958008
5132.018451	1.424289	0.236742	6243.192383
5132.019365	1.387504	0.236742	7511.371094
5132.020252	0.850646	0.236742	8265.893555
5132.021278	0.095841	0.236742	8364.226562
5132.022260	0.085836	0.236742	8448.517578
5132.023144	0.085994	0.236742	8524.536133
5132.024001	0.085935	0.236742	8598.182617
5132.025074	0.086001	0.236742	8690.461914
5132.025972	0.085957	0.236742	8767.651367
5132.026837	0.085884	0.236742	8841.940430
5132.027832	0.086001	0.236742	8927.511719
5132.028842	0.085979	0.236742	9014.350586
5132.029739	0.085887	0.236742	9091.391602
5133.029823	1.028394	0.258595	435.010468
5133.030851	1.520984	0.258595	1998.581909
5133.031888	1.501721	0.258595	3555.866699
5133.032770	1.463690	0.258595	4846.841309
5133.033709	1.425655	0.258595	6185.531738
5133.034764	1.384105	0.258595	7645.762695
5133.035710	0.638643	0.258595	8249.918945
5133.036573	0.090590	0.258595	8328.097656
5133.037619	0.085975	0.258595	8418.028320
5133.038633	0.085983	0.258595	8505.214844
5133.039505	0.086019	0.258595	8580.223633
5133.040457	0.086049	0.258595	8662.141602
5133.041522	0.086019	0.258595	8753.751953
5133.042441	0.085983	0.258595	8832.769531
5133.043304	0.086085	0.258595	8907.061523
5133.044362	0.086191	0.258595	8998.251953
5133.045356	0.086012	0.258595	9083.748047
5134.064673	1.119525	0.234099	572.077332
5134.065610	1.524196	0.234099	2000.248535
5134.066477	1.507782	0.234099	3307.495605
5134.067532	1.463573	0.234099	4851.564941
5134.068554	1.422264	0.234099	6305.119141
5134.069435	1.387108	0.234099	7527.161133
5134.070412	0.715400	0.234099	8226.107422
5134.071480	0.088495	0.234099	8320.620117
5134.072381	0.085950	0.234099	8398.060547
5134.073244	0.086089	0.234099	8472.355469
5134.074317	0.086136	0.234099	8564.780273
5134.075313	0.086005	0.234099	8650.440430
5134.076200	0.085961	0.234099	8726.687500
5134.077184	0.086111	0.234099	8811.420898
5134.078233	0.086060	0.234099	8901.697266
5134.079134	0.086005	0.234099	8979.187500
5134.079993	0.086056	0.234099	9053.109375
5135.091712	1.101991	0.251840	536.669617
5135.092598	1.521163	0.251840	1884.420410
5135.093584	1.507141	0.251840	3370.461426
5135.094630	1.462672	0.251840	4900.416504
5135.095554	1.424667	0.251840	6216.808594
5135.096416	1.389701	0.251840	7414.730469
5135.097487	0.713580	0.251840	8178.975098
5135.098494	0.088674	0.251840	8268.270508
5135.099361	0.085975	0.251840	8342.811523
5135.100315	0.086023	0.251840	8424.876953
5135.101377	0.086016	0.251840	8516.225586
5135.102290	0.085986	0.251840	8594.731445
5135.103161	0.086067	0.251840	8669.695312
5135.104241	0.086052	0.251840	8762.631836
5135.105233	0.085997	0.251840	8847.941406
5135.106120	0.085994	0.251840	8924.217773
5135.107099	0.086063	0.251840	9008.473633
5136.122820	1.034279	0.253419	446.808319
5136.123686	1.516091	0.253419	1759.743408
5136.124741	1.507394	0.253419	3350.043945
5136.125649	1.468129	0.253419	4683.104492
5136.126526	1.432046	0.253419	5939.008789
5136.127543	1.392422	0.253419	7355.101562
5136.128540	0.845944	0.253419	8198.507812
5136.129428	0.098481	0.253419	8285.958984
5136.130284	0.085964	0.253419	8359.544922
5136.131362	0.086038	0.253419	8452.292969
5136.132246	0.086056	0.253419	8528.366211
5136.133122	0.085979	0.253419	8603.683594
5136.134117	0.086104	0.253419	8689.356445
5136.135110	0.086019	0.253419	8774.773437
5136.135997	0.086012	0.253419	8851.066406
5136.136856	0.086107	0.253419	8925.032227
5136.137962	0.086041	0.253419	9020.194336
5137.147918	1.100142	0.272626	554.471313
5137.148808	1.522167	0.272626	1909.199707
5137.149676	1.508745	0.272626	3218.790527
5137.150776	1.463877	0.272626	4829.055176
5137.151746	1.424121	0.272626	6210.452637
5137.152630	1.389397	0.272626	7438.679687
5137.153637	0.753307	0.272626	8197.259766
5137.154703	0.088986	0.272626	8292.118164
5137.155587	0.086019	0.272626	8368.159180
5137.156478	0.086147	0.272626	8444.916992
5137.157560	0.086063	0.272626	8538.037109
5137.158526	0.086008	0.272626	8621.121094
5137.159388	0.085906	0.272626	8695.171875
5137.160428	0.086111	0.272626	8784.727539
5137.161446	0.086104	0.272626	8872.380859
5137.162328	0.085942	0.272626	8948.181641
5137.163252	0.086034	0.272626	9027.676758
5138.182588	1.025713	0.247731	433.876587
5138.183624	1.520991	0.247731	2009.623535
5138.184672	1.500776	0.247731	3582.437256
5138.185562	1.462592	0.247731	4884.143555
5138.186503	1.424297	0.247731	6224.406738
5138.187562	1.382549	0.247731	7688.525879
5138.188512	0.581060	0.247731	8240.532227
5138.189374	0.089275	0.247731	8317.487305
5138.190435	0.086060	0.247731	8408.796875
5138.191455	0.085953	0.247731	8496.469727
5138.192349	0.085946	0.247731	8573.305664
5138.193318	0.086056	0.247731	8656.693359
5138.194352	0.086030	0.247731	8745.648437
5138.195274	0.085990	0.247731	8824.931641
5138.196136	0.086030	0.247731	8899.089844
5138.197209	0.086100	0.247731	8991.474609
5138.198213	0.085964	0.247731	9077.783203
5139.197446	1.093762	0.262958	542.506104
5139.198381	1.523181	0.262958	1966.680420
5139.199253	1.508474	0.262958	3282.069824
5139.200297	1.464466	0.262958	4810.972656
5139.201317	1.422689	0.262958	6262.115723
5139.202209	1.387672	0.262958	7499.918945
5139.203160	0.779374	0.262958	8241.103516
5139.204203	0.089575	0.262958	8334.530273
5139.205134	0.085807	0.262958	8414.416016
5139.205997	0.085968	0.262958	8488.606445
5139.207044	0.086041	0.262958	8578.691406
5139.208040	0.085928	0.262958	8664.275391
5139.208923	0.085968	0.262958	8740.185547
5139.209892	0.086052	0.262958	8823.570312
5139.210912	0.085986	0.262958	8911.276367
5139.211834	0.085968	0.262958	8990.539062
5139.212693	0.085953	0.262958	9064.373047
5140.244942	1.041562	0.207065	459.329041
5140.245869	1.520647	0.207065	1868.968750
5140.246738	1.511279	0.207065	3182.270508
5140.247790	1.467880	0.207065	4726.479492
5140.248665	1.431152	0.207065	5978.737793
5140.249538	1.396512	0.207065	7197.893066
5140.250473	1.018077	0.207065	8149.795410
5140.251472	0.108179	0.207065	8257.866211
5140.252393	0.085811	0.207065	8336.897461
5140.253282	0.086023	0.207065	8413.372070
5140.254274	0.086049	0.207065	8498.732422
5140.255191	0.085957	0.207065	8577.554687
5140.256111	0.086023	0.207065	8656.695312
5140.256975	0.085979	0.207065	8730.981445
5140.258017	0.085972	0.207065	8820.563477
5140.258910	0.085939	0.207065	8897.306641
5140.259784	0.085950	0.207065	8972.426758
5141.251060	1.078242	0.268553	518.634460
5141.251931	1.519863	0.268553	1842.435303
5141.252876	1.508577	0.268553	3268.040039
5141.253951	1.463152	0.268553	4840.928223
5141.254898	1.424590	0.268553	6190.014648
5141.255775	1.389760	0.268553	7408.833984
5141.256840	0.703510	0.268553	8158.071777
5141.257853	0.088323	0.268553	8247.542969
5141.258740	0.085902	0.268553	8323.738281
5141.259710	0.085942	0.268553	8407.102539
5141.260772	0.086019	0.268553	8498.455078
5141.261684	0.085873	0.268553	8576.771484
5141.262546	0.085957	0.268553	8650.866211
5141.263633	0.086001	0.268553	8744.349609
5141.264622	0.085887	0.268553	8829.291992
5141.265516	0.085880	0.268553	8906.068359
5141.266528	0.085997	0.268553	8993.097656
5142.305720	1.035652	0.205953	437.045074
5142.306790	1.522892	0.205953	2066.539307
5142.307798	1.500458	0.205953	3579.000732
5142.308689	1.462822	0.205953	4882.375488
5142.309674	1.422957	0.205953	6283.987793
5142.310731	1.381743	0.205953	7744.490234
5142.311643	0.576603	0.205953	8270.351562
5142.312506	0.089407	0.205953	8347.509766
5142.313599	0.086140	0.205953	8441.661133
5142.314554	0.085906	0.205953	8523.701172
5142.315433	0.086008	0.205953	8599.302734
5142.316445	0.086188	0.205953	8686.524414
5142.317497	0.086012	0.205953	8777.008789
5142.318373	0.085975	0.205953	8852.323242
5142.319234	0.086001	0.205953	8926.370117
5142.320327	0.086082	0.205953	9020.457031
5142.321298	0.086038	0.205953	9104.000000
5143.306165	1.042375	0.275280	437.797699
5143.307279	1.524049	0.275280	2135.588379
5143.308196	1.502432	0.275280	3513.318359
5143.309079	1.464972	0.275280	4806.888672
5143.310091	1.424363	0.275280	6248.343750
5143.311068	1.385420	0.275280	7601.898926
5143.311960	0.767516	0.275280	8286.523437
5143.312820	0.095427	0.275280	8368.590820
5143.313908	0.085909	0.275280	8462.060547
5143.314810	0.085990	0.275280	8539.623047
5143.315675	0.086104	0.275280	8614.102539
5143.316645	0.086166	0.275280	8697.683594
5143.317654	0.086001	0.275280	8784.458984
5143.318543	0.086056	0.275280	8860.962891
5143.319406	0.085994	0.275280	8935.175781
5143.320477	0.086107	0.275280	9027.396484
5143.321409	0.086034	0.275280	9107.580078
5144.365548	1.067747	0.221619	498.637634
5144.366441	1.520570	0.221619	1856.506592
5144.367391	1.508859	0.221619	3289.922363
5144.368314	1.469531	0.221619	4646.299805
5144.369203	1.432800	0.221619	5920.059570
5144.370110	1.396208	0.221619	7186.420898
5144.371128	0.994515	0.221619	8198.837891
5144.372052	0.109666	0.221619	8300.168945
5144.372912	0.085887	0.221619	8374.032227
5144.373994	0.085942	0.221619	8467.021484
5144.374876	0.085990	0.221619	8542.864258
5144.375740	0.085961	0.221619	8617.134766
5144.376627	0.086001	0.221619	8693.417969
5144.377663	0.085990	0.221619	8782.503906
5144.378560	0.085862	0.221619	8859.521484
5144.379434	0.085950	0.221619	8934.641602
5144.380427	0.085961	0.221619	9020.000977
5145.362970	1.116174	0.272775	568.132751
5145.363990	1.524650	0.272775	2123.275391
5145.364885	1.503325	0.272775	3468.751465
5145.365839	1.463525	0.272775	4864.954590
5145.366893	1.420074	0.272775	6361.712891
5145.367844	1.382754	0.272775	7676.711914
5145.368716	0.691263	0.272775	8279.493164
5145.369784	0.088209	0.272775	8373.700195
5145.370783	0.085909	0.272775	8459.523437
5145.371667	0.085917	0.272775	8535.473633
5145.372651	0.086173	0.272775	8620.267578
5145.373686	0.086008	0.272775	8709.286133
5145.374596	0.085924	0.272775	8787.476562
5145.375454	0.085942	0.272775	8861.214844
5145.376540	0.086100	0.272775	8954.719727
5145.377530	0.085983	0.272775	9039.842773
5145.378400	0.085968	0.272775	9114.634766
5146.419748	1.121382	0.240798	577.511658
5146.420757	1.525225	0.240798	2116.463135
5146.421633	1.504497	0.240798	3434.402588
5146.422620	1.463013	0.240798	4878.395996
5146.423672	1.420302	0.240798	6372.553223
5146.424575	1.384354	0.240798	7622.625000
5146.425442	0.728639	0.240798	8254.355469
5146.426554	0.088433	0.240798	8352.692383
5146.427518	0.085844	0.240798	8435.445312
5146.428373	0.085957	0.240798	8508.938477
5146.429445	0.086155	0.240798	8601.296875
5146.430492	0.086034	0.240798	8691.374023
5146.431377	0.085895	0.240798	8767.390625
5146.432292	0.086111	0.240798	8846.181641
5146.433361	0.086001	0.240798	8938.116211
5146.434310	0.085983	0.240798	9019.713867
5146.435174	0.085865	0.240798	9093.901367
5147.420635	1.070493	0.250547	484.933380
5147.421513	1.518391	0.250547	1818.080811
5147.422376	1.511426	0.250547	3122.441162
5147.423451	1.467946	0.250547	4700.482422
5147.424367	1.430068	0.250547	6010.424805
5147.425235	1.394707	0.250547	7221.030273
5147.426323	0.853081	0.250547	8149.182617
5147.427322	0.092849	0.250547	8241.938477
5147.428196	0.085895	0.250547	8317.010742
5147.429191	0.086125	0.250547	8402.706055
5147.430237	0.086005	0.250547	8492.666992
5147.431123	0.085902	0.250547	8568.776367
5147.431987	0.086074	0.250547	8643.144531
5147.433066	0.086078	0.250547	8736.022461
5147.434055	0.085924	0.250547	8821.000977
5147.434950	0.085961	0.250547	8897.935547
5147.435926	0.086085	0.250547	8981.955078
5148.472763	1.053259	0.236967	446.581909
5148.473832	1.524492	0.236967	2076.264160
5148.474725	1.505160	0.236967	3420.372070
5148.475601	1.468253	0.236967	4706.561523
5148.476589	1.428149	0.236967	6117.573242
5148.477544	1.389576	0.236967	7444.618652
5148.478477	0.875120	0.236967	8261.105469
5148.479338	0.102385	0.236967	8349.258789
5148.480370	0.085920	0.236967	8437.928711
5148.481245	0.085950	0.236967	8513.134766
5148.482115	0.085891	0.236967	8587.860352
5148.483055	0.086140	0.236967	8668.832031
5148.484021	0.086005	0.236967	8751.912109
5148.484941	0.085829	0.236967	8830.875000
5148.485815	0.085851	0.236967	8905.908203
5148.486849	0.086056	0.236967	8994.889648
5148.487758	0.086027	0.236967	9073.087891
5149.480921	1.058756	0.230695	469.028961
5149.481789	1.517029	0.230695	1785.809937
5149.482890	1.504025	0.230695	3441.741211
5149.483863	1.462932	0.230695	4865.174316
5149.484732	1.427131	0.230695	6105.351562
5149.485762	1.387299	0.230695	7534.269043
5149.486821	0.619933	0.230695	8190.777832
5149.487690	0.089084	0.230695	8268.192383
5149.488585	0.085873	0.230695	8345.048828
5149.489673	0.085950	0.230695	8438.562500
5149.490630	0.085997	0.230695	8520.862305
5149.491498	0.085928	0.230695	8595.447266
5149.492511	0.086012	0.230695	8682.577148
5149.493545	0.085961	0.230695	8771.460937
5149.494434	0.085946	0.230695	8847.867187
5149.495356	0.085994	0.230695	8927.153320
5149.496434	0.086038	0.230695	9019.901367
5150.529084	1.154022	0.224693	624.326050
5150.530111	1.525155	0.224693	2190.660156
5150.531005	1.501809	0.224693	3533.277344
5150.531944	1.462050	0.224693	4906.142090
5150.533000	1.418873	0.224693	6404.472168
5150.533937	1.382245	0.224693	7699.635742
5150.534809	0.682112	0.224693	8294.437500
5150.535869	0.088315	0.224693	8388.051758
5150.536884	0.085887	0.224693	8475.227539
5150.537759	0.085865	0.224693	8550.359375
5150.538733	0.086045	0.224693	8634.166992
5150.539779	0.085854	0.224693	8723.970703
5150.540696	0.086016	0.224693	8802.846680
5150.541560	0.085906	0.224693	8877.069336
5150.542612	0.085975	0.224693	8967.515625
5150.543616	0.085913	0.224693	9053.772461
5150.544495	0.085964	0.224693	9129.334961
5151.538623	1.042174	0.224834	441.881805
5151.539687	1.522570	0.224834	2061.895752
5151.540609	1.504164	0.224834	3448.734863
5151.541487	1.466902	0.224834	4736.674805
5151.542474	1.427417	0.224834	6145.535156
5151.543488	1.386826	0.224834	7551.776855
5151.544372	0.828948	0.224834	8284.566406
5151.545229	0.098687	0.224834	8369.140625
5151.546283	0.085895	0.224834	8459.673828
5151.547217	0.085865	0.224834	8539.872070
5151.548091	0.085840	0.224834	8614.896484
5151.549050	0.086038	0.224834	8697.406250
5151.550070	0.085953	0.224834	8785.079102
5151.550960	0.085887	0.224834	8861.518555
5151.551819	0.085994	0.224834	8935.386719
5151.552881	0.086001	0.224834	9026.719727
5151.553824	0.085924	0.224834	9107.746094
5152.585672	1.042884	0.209567	444.268799
5152.586632	1.517952	0.209567	1901.502441
5152.587564	1.507863	0.209567	3306.830322
5152.588449	1.470392	0.209567	4608.126953
5152.589414	1.431130	0.209567	5989.167969
5152.590382	1.392133	0.209567	7336.752441
5152.591304	0.957239	0.209567	8219.326172
5152.592186	0.110068	0.209567	8316.406250
5152.593134	0.085869	0.209567	8397.810547
5152.594070	0.085814	0.209567	8478.132812
5152.594988	0.085920	0.209567	8557.007812
5152.595853	0.085994	0.209567	8631.392578
5152.596867	0.085997	0.209567	8718.593750
5152.597784	0.085924	0.209567	8797.385742
5152.598654	0.085964	0.209567	8872.174805
5152.599660	0.086041	0.209567	8958.732422
5152.600586	0.085953	0.209567	9038.325195
5153.596869	1.030785	0.219065	445.299103
5153.597736	1.516315	0.219065	1759.943848
5153.598754	1.507547	0.219065	3294.627197
5153.599803	1.463789	0.219065	4830.142090
5153.600703	1.426699	0.219065	6114.171387
5153.601645	1.389650	0.219065	7423.221191
5153.602719	0.680204	0.219065	8153.760254
5153.603665	0.089081	0.219065	8238.030273
5153.604527	0.085858	0.219065	8312.040039
5153.605592	0.086082	0.219065	8403.716797
5153.606599	0.085880	0.219065	8490.198242
5153.607494	0.085950	0.219065	8567.123047
5153.608454	0.086096	0.219065	8649.775391
5153.609492	0.085979	0.219065	8739.021484
5153.610398	0.085887	0.219065	8816.835937
5153.611259	0.085953	0.219065	8890.841797
5153.612329	0.086082	0.219065	8982.949219
5154.644413	1.029576	0.197103	433.451660
5154.645475	1.521841	0.197103	2049.646484
5154.646483	1.500963	0.197103	3562.617187
5154.647372	1.462976	0.197103	4863.203125
5154.648355	1.423645	0.197103	6262.646484
5154.649413	1.382109	0.197103	7724.917969
5154.650334	0.586692	0.197103	8265.260742
5154.651192	0.089454	0.197103	8342.012695
5154.652264	0.085997	0.197103	8434.202148
5154.653271	0.085895	0.197103	8520.698242
5154.654150	0.085964	0.197103	8596.260742
5154.655119	0.086078	0.197103	8679.669922
5154.656193	0.085983	0.197103	8772.015625
5154.657072	0.085994	0.197103	8847.604492
5154.657936	0.085975	0.197103	8921.886719
5154.659031	0.086034	0.197103	9016.093750
5154.659999	0.085964	0.197103	9099.307617
5155.653102	1.090682	0.211214	506.076630
5155.653985	1.519230	0.211214	1847.556519
5155.654852	1.510437	0.211214	3157.105469
5155.655955	1.465840	0.211214	4773.926758
5155.656873	1.427805	0.211214	6084.651855
5155.657745	1.393151	0.211214	7299.479492
5155.658736	0.886783	0.211214	8178.281738
5155.659740	0.094387	0.211214	8273.046875
5155.660632	0.085895	0.211214	8349.665039
5155.661497	0.085953	0.211214	8424.014648
5155.662581	0.086093	0.211214	8517.338867
5155.663519	0.085931	0.211214	8597.942383
5155.664395	0.085884	0.211214	8673.176758
5155.665354	0.086038	0.211214	8755.686523
5155.666373	0.085895	0.211214	8843.212891
5155.667259	0.086016	0.211214	8919.422852
5155.668122	0.086115	0.211214	8993.739258
5156.702144	1.033096	0.192221	439.065674
5156.703122	1.521079	0.192221	1926.681030
5156.704044	1.507551	0.192221	3316.643066
5156.704925	1.470183	0.192221	4611.874512
5156.705930	1.430266	0.192221	6049.291992
5156.706840	1.392649	0.192221	7316.602539
5156.707749	0.989169	0.192221	8215.756836
5156.708636	0.114888	0.192221	8317.662109
5156.709606	0.085807	0.192221	8400.894531
5156.710530	0.085902	0.192221	8480.268555
5156.711416	0.085851	0.192221	8556.332031
5156.712347	0.086063	0.192221	8636.457031
5156.713331	0.085844	0.192221	8720.926758
5156.714259	0.085942	0.192221	8800.681641
5156.715125	0.085997	0.192221	8875.155273
5156.716152	0.085997	0.192221	8963.474609
5156.717027	0.085935	0.192221	9038.667969
5157.706702	1.051974	0.218558	460.764526
5157.707574	1.516304	0.218558	1782.981323
5157.708670	1.504076	0.218558	3431.448730
5157.709656	1.462214	0.218558	4873.192383
5157.710534	1.426432	0.218558	6125.599609
5157.711554	1.387086	0.218558	7540.427734
5157.712622	0.606434	0.218558	8188.099609
5157.713497	0.088744	0.218558	8265.750977
5157.714353	0.085891	0.218558	8339.273437
5157.715457	0.085902	0.218558	8434.109375
5157.716408	0.085858	0.218558	8515.760742
5157.717278	0.085968	0.218558	8590.552734
5157.718310	0.086005	0.218558	8679.309570
5157.719355	0.085924	0.218558	8769.100586
5157.720241	0.085851	0.218558	8845.164062
5157.721166	0.085920	0.218558	8924.640625
5157.722237	0.085986	0.218558	9016.732422
5158.761995	1.098431	0.194799	554.707825
5158.762958	1.524078	0.194799	2022.395264
5158.763827	1.506980	0.194799	3331.960937
5158.764914	1.461273	0.194799	4920.364746
5158.765952	1.419122	0.194799	6393.413574
5158.766850	1.383523	0.194799	7635.817383
5158.767799	0.673865	0.194799	8275.315430
5158.768842	0.087825	0.194799	8366.916992
5158.769776	0.085917	0.194799	8447.163086
5158.770635	0.086001	0.194799	8521.038086
5158.771685	0.086005	0.194799	8611.342773
5158.772696	0.085942	0.194799	8698.230469
5158.773577	0.085953	0.194799	8773.955078
5158.774546	0.086034	0.194799	8857.322266
5158.775598	0.086045	0.194799	8947.841797
5158.776510	0.085935	0.194799	9026.214844
5158.777366	0.085902	0.194799	9099.747070
5159.762886	1.030715	0.227376	444.238312
5159.763762	1.516230	0.227376	1772.456177
5159.764626	1.513356	0.227376	3079.995605
5159.765653	1.470879	0.227376	4590.587891
5159.766573	1.431801	0.227376	5907.844727
5159.767503	1.395593	0.227376	7205.746582
5159.768367	1.068805	0.227376	8129.193848
5159.769400	0.112178	0.227376	8245.073242
5159.770278	0.085833	0.227376	8320.434570
5159.771146	0.085906	0.227376	8395.000977
5159.772123	0.085946	0.227376	8478.970703
5159.773037	0.085891	0.227376	8557.475586
5159.773950	0.085902	0.227376	8635.904297
5159.774827	0.085898	0.227376	8711.237305
5159.775851	0.085931	0.227376	8799.231445
5159.776751	0.085818	0.227376	8876.467773
5159.777625	0.085898	0.227376	8951.542969
5160.820156	1.027068	0.194033	435.476776
5160.821170	1.516992	0.194033	1973.706909
5160.822221	1.501370	0.194033	3551.646484
5160.823124	1.462610	0.194033	4872.383301
5160.823986	1.425674	0.194033	6101.314453
5160.825061	1.384189	0.194033	7589.318359
5160.826050	0.611887	0.194033	8194.474609
5160.826927	0.089542	0.194033	8273.002930
5160.827925	0.085968	0.194033	8358.798828
5160.828983	0.085968	0.194033	8449.752930
5160.829869	0.085840	0.194033	8525.806641
5160.830742	0.085942	0.194033	8600.833984
5160.831844	0.086008	0.194033	8695.615234
5160.832800	0.085840	0.194033	8777.677734
5160.833664	0.085990	0.194033	8851.972656
5160.834683	0.085975	0.194033	8939.581055
5160.835715	0.085979	0.194033	9028.311523
5161.820097	1.035725	0.231630	444.326080
5161.821106	1.517776	0.231630	1975.761841
5161.822152	1.501494	0.231630	3546.324707
5161.823047	1.462797	0.231630	4855.527344
5161.823912	1.425696	0.231630	6088.753906
5161.825028	1.383702	0.231630	7632.965820
5161.825997	0.621694	0.231630	8235.387695
5161.826856	0.090103	0.231630	8312.786133
5161.827921	0.085975	0.231630	8404.349609
5161.828959	0.085917	0.231630	8493.531250
5161.829842	0.085972	0.231630	8569.444336
5161.830755	0.085942	0.231630	8647.910156
5161.831825	0.085983	0.231630	8739.911133
5161.832755	0.085961	0.231630	8819.854492
5161.833626	0.085942	0.231630	8894.709961
5161.834645	0.086122	0.231630	8982.467773
5161.835678	0.086023	0.231630	9071.329102
5162.876359	1.034004	0.191387	447.723724
5162.877227	1.516227	0.191387	1763.808594
5162.878266	1.506951	0.191387	3329.530273
5162.879242	1.465778	0.191387	4760.129395
5162.880121	1.429512	0.191387	6016.670410
5162.880994	1.393209	0.191387	7232.941895
5162.882107	0.826534	0.191387	8152.874512
5162.882986	0.096987	0.191387	8238.125977
5162.883843	0.085884	0.191387	8311.728516
5162.884908	0.086041	0.191387	8403.362305
5162.885872	0.085869	0.191387	8486.140625
5162.886742	0.085972	0.191387	8560.935547
5162.887605	0.085917	0.191387	8635.082031
5162.888717	0.085950	0.191387	8730.658203
5162.889632	0.085950	0.191387	8809.301758
5162.890499	0.085895	0.191387	8883.772461
5162.891588	0.086049	0.191387	8977.479492
5163.878892	1.079857	0.236492	506.452972
5163.879773	1.519343	0.236492	1844.994385
5163.880738	1.508016	0.236492	3300.229980
5163.881776	1.464009	0.236492	4819.871094
5163.882703	1.425908	0.236492	6141.687988
5163.883571	1.390789	0.236492	7348.892578
5163.884659	0.736718	0.236492	8150.441406
5163.885654	0.089330	0.236492	8239.324219
5163.886527	0.085898	0.236492	8314.313477
5163.887532	0.085931	0.236492	8400.674805
5163.888584	0.085898	0.236492	8491.040039
5163.889476	0.085950	0.236492	8567.707031
5163.890332	0.085829	0.236492	8641.176758
5163.891392	0.085935	0.236492	8732.267578
5163.892382	0.085876	0.236492	8817.285156
5163.893271	0.085920	0.236492	8893.667969
5163.894250	0.085975	0.236492	8977.837891
5164.928971	1.056020	0.191834	462.536987
5164.929845	1.517351	0.191834	1788.701904
5164.930841	1.507866	0.191834	3290.536621
5164.931896	1.464137	0.191834	4835.201172
5164.932793	1.426443	0.191834	6114.720703
5164.933662	1.390851	0.191834	7323.370117
5164.934777	0.727742	0.191834	8134.802246
5164.935727	0.090011	0.191834	8220.312500
5164.936590	0.085825	0.191834	8294.379883
5164.937619	0.085953	0.191834	8382.826172
5164.938651	0.085844	0.191834	8471.416992
5164.939531	0.085946	0.191834	8547.049805
5164.940453	0.085876	0.191834	8626.227539
5164.941518	0.085854	0.191834	8717.662109
5164.942466	0.085865	0.191834	8799.062500
5164.943323	0.085858	0.191834	8872.642578
5164.944353	0.086012	0.191834	8961.235352
5165.941275	1.110659	0.226872	559.772278
5165.942247	1.524335	0.226872	2041.425537
5165.943110	1.506694	0.226872	3341.702637
5165.944185	1.461354	0.226872	4912.658203
5165.945224	1.419375	0.226872	6387.388672
5165.946110	1.384083	0.226872	7613.686523
5165.947060	0.693332	0.226872	8272.352539
5165.948118	0.087799	0.226872	8365.244141
5165.949053	0.085884	0.226872	8445.545898
5165.949909	0.085880	0.226872	8519.059570
5165.950938	0.086096	0.226872	8607.652344
5165.951959	0.085862	0.226872	8695.317383
5165.952845	0.085906	0.226872	8771.429687
5165.953789	0.085957	0.226872	8852.573242
5165.954841	0.086016	0.226872	8943.061523
5165.955771	0.085928	0.226872	9022.974609
5165.956636	0.085939	0.226872	9097.311523
5166.980031	1.027584	0.199895	434.668121
5166.981050	1.517867	0.199895	1981.375000
5166.982052	1.502483	0.199895	3486.862793
5166.982943	1.464815	0.199895	4792.012695
5166.983806	1.427992	0.199895	6024.369629
5166.984865	1.387214	0.199895	7493.429687
5166.985793	0.801837	0.199895	8237.534180
5166.986667	0.096237	0.199895	8321.644531
5166.987653	0.085946	0.199895	8406.387695
5166.988656	0.085869	0.199895	8492.514648
5166.989546	0.085913	0.199895	8568.977539
5166.990408	0.085884	0.199895	8643.009766
5166.991504	0.085968	0.199895	8737.230469
5166.992423	0.085942	0.199895	8816.211914
5166.993300	0.085887	0.199895	8891.535156
5166.994287	0.085931	0.199895	8976.349609
5166.995291	0.085950	0.199895	9062.643555
5168.002490	1.028785	0.226735	435.176208
5168.003371	1.514575	0.226735	1769.516846
5168.004475	1.503549	0.226735	3429.434570
5168.005442	1.463057	0.226735	4844.210449
5168.006316	1.427234	0.226735	6091.612793
5168.007335	1.386892	0.226735	7504.855957
5168.008380	0.633373	0.226735	8166.730469
5168.009269	0.089557	0.226735	8246.346680
5168.010197	0.085979	0.226735	8326.134766
5168.011274	0.086056	0.226735	8418.817383
5168.012215	0.086030	0.226735	8499.771484
5168.013076	0.086041	0.226735	8573.852539
5168.014140	0.086001	0.226735	8665.357422
5168.015148	0.085895	0.226735	8751.939453
5168.016027	0.085928	0.226735	8827.469727
5168.016999	0.085957	0.226735	8911.019531
5168.018043	0.085990	0.226735	9000.792969
5169.034261	1.107755	0.218473	562.739624
5169.035221	1.524163	0.218473	2025.935791
5169.036102	1.506541	0.218473	3353.197998
5169.037115	1.463496	0.218473	4835.719727
5169.038178	1.420627	0.218473	6345.846680
5169.039071	1.384969	0.218473	7582.624512
5169.039977	0.733986	0.218473	8247.615234
5169.041076	0.088055	0.218473	8344.387695
5169.042034	0.085876	0.218473	8426.657227
5169.042895	0.085840	0.218473	8500.565430
5169.043930	0.086060	0.218473	8589.636719
5169.044950	0.085994	0.218473	8677.350586
5169.045842	0.085924	0.218473	8753.995117
5169.046783	0.085997	0.218473	8834.918945
5169.047835	0.085979	0.218473	8925.369141
5169.048761	0.085920	0.218473	9004.931641
5169.049620	0.085847	0.218473	9078.674805
5170.061764	1.046334	0.221365	454.109009
5170.062646	1.517190	0.221365	1792.270630
5170.063644	1.507764	0.221365	3297.018555
5170.064716	1.463258	0.221365	4865.630859
5170.065610	1.425919	0.221365	6140.402344
5170.066487	1.389932	0.221365	7359.372559
5170.067596	0.699368	0.221365	8134.971191
5170.068546	0.089363	0.221365	8219.866211
5170.069407	0.085778	0.221365	8293.720703
5170.070444	0.085880	0.221365	8382.778320
5170.071471	0.085847	0.221365	8470.943359
5170.072354	0.085913	0.221365	8546.804687
5170.073255	0.086001	0.221365	8624.291992
5170.074323	0.085994	0.221365	8716.132812
5170.075270	0.085873	0.221365	8797.454102
5170.076129	0.085803	0.221365	8871.159180
5170.077146	0.085964	0.221365	8958.584961
5171.094556	1.109282	0.207842	565.733948
5171.095454	1.522159	0.207842	1932.633057
5171.096334	1.508573	0.207842	3260.177246
5171.097363	1.465701	0.207842	4768.383301
5171.098349	1.424641	0.207842	6173.079102
5171.099237	1.389554	0.207842	7407.003418
5171.100104	0.913784	0.207842	8199.253906
5171.101190	0.094742	0.207842	8302.144531
5171.102076	0.085818	0.207842	8378.178711
5171.102950	0.085972	0.207842	8453.318359
5171.103943	0.086016	0.207842	8538.731445
5171.104935	0.085924	0.207842	8623.967773
5171.105823	0.085898	0.207842	8700.245117
5171.106685	0.085986	0.207842	8774.365234
5171.107767	0.085909	0.207842	8867.319336
5171.108683	0.085840	0.207842	8945.948242
5171.109561	0.085909	0.207842	9021.376953
5172.114895	1.057170	0.216068	468.326477
5172.115768	1.517215	0.216068	1792.855713
5172.116782	1.507559	0.216068	3321.520020
5172.117840	1.463364	0.216068	4869.759277
5172.118736	1.425780	0.216068	6147.258301
5172.119610	1.389540	0.216068	7361.715820
5172.120718	0.690465	0.216068	8126.750977
5172.121675	0.089183	0.216068	8212.099609
5172.122545	0.085796	0.216068	8286.742187
5172.123559	0.086063	0.216068	8374.010742
5172.124603	0.085917	0.216068	8463.708008
5172.125496	0.085829	0.216068	8540.353516
5172.126424	0.085957	0.216068	8620.122070
5172.127487	0.085939	0.216068	8711.474609
5172.128427	0.085854	0.216068	8792.177734
5172.129297	0.085909	0.216068	8866.918945
5172.130358	0.085972	0.216068	8958.134766
5173.154316	1.096699	0.193276	551.639709
5173.155215	1.521848	0.193276	1919.781250
5173.156079	1.507928	0.193276	3222.631348
5173.157192	1.462848	0.193276	4850.781250
5173.158165	1.422517	0.193276	6234.890625
5173.159051	1.388046	0.193276	7464.699219
5173.160103	0.672704	0.193276	8172.383789
5173.161129	0.088140	0.193276	8262.815430
5173.162003	0.086005	0.193276	8337.983398
5173.162898	0.086056	0.193276	8415.003906
5173.163955	0.085983	0.193276	8505.887695
5173.164919	0.085975	0.193276	8588.767578
5173.165785	0.085847	0.193276	8663.111328
5173.166823	0.086118	0.193276	8752.501953
5173.167866	0.085968	0.193276	8842.166992
5173.168738	0.085950	0.193276	8917.115234
5173.169667	0.086023	0.193276	8997.030273
5174.165942	1.037216	0.220604	434.593323
5174.167030	1.522767	0.220604	2091.364258
5174.168023	1.499637	0.220604	3580.504395
5174.168920	1.461976	0.220604	4891.896973
5174.169915	1.421737	0.220604	6306.525391
5174.170987	1.380275	0.220604	7786.179687
5174.171879	0.560376	0.220604	8286.035156
5174.172738	0.089172	0.220604	8362.633789
5174.173843	0.086118	0.220604	8457.793945
5174.174797	0.085873	0.220604	8539.716797
5174.175655	0.085884	0.220604	8613.405273
5174.176684	0.086019	0.220604	8701.918945
5174.177712	0.085928	0.220604	8790.252930
5174.178593	0.085902	0.220604	8865.932617
5174.179508	0.086038	0.220604	8944.657227
5174.180572	0.086052	0.220604	9036.216797
5174.181519	0.085975	0.220604	9117.635742
5175.217172	1.110648	0.191620	558.656006
5175.218113	1.523460	0.191620	1992.231445
5175.218997	1.506910	0.191620	3324.340332
5175.219945	1.467169	0.191620	4715.216797
5175.220997	1.424176	0.191620	6213.450195
5175.221893	1.388577	0.191620	7457.614746
5175.222769	0.911342	0.191620	8255.950195
5175.223825	0.093809	0.191620	8355.011719
5175.224775	0.085950	0.191620	8436.664062
5175.225651	0.085887	0.191620	8511.901367
5175.226575	0.085913	0.191620	8591.285156
5175.227615	0.086023	0.191620	8680.749023
5175.228490	0.085942	0.191620	8755.948242
5175.229350	0.085957	0.191620	8829.871094
5175.230382	0.086093	0.191620	8918.718750
5175.231338	0.085986	0.191620	9000.921875
5175.232214	0.086012	0.191620	9076.268555
5176.218065	1.048520	0.238800	460.300476
5176.218928	1.516267	0.238800	1768.838867
5176.220003	1.505054	0.238800	3386.771484
5176.221018	1.462321	0.238800	4871.026855
5176.221893	1.426165	0.238800	6118.920898
5176.222846	1.388412	0.238800	7442.077148
5176.223920	0.659744	0.238800	8150.641602
5176.224832	0.089279	0.238800	8232.063477
5176.225695	0.085997	0.238800	8306.279297
5176.226785	0.086001	0.238800	8400.020508
5176.227777	0.085884	0.238800	8485.216797
5176.228668	0.085909	0.238800	8561.761719
5176.229652	0.086085	0.238800	8646.469727
5176.230707	0.086060	0.238800	8737.262695
5176.231602	0.085957	0.238800	8814.194336
5176.232518	0.085939	0.238800	8892.914062
5176.233398	0.085920	0.238800	8968.524414
5177.275869	1.058379	0.189643	486.854248
5177.276979	1.523562	0.189643	2178.008301
5177.277931	1.498821	0.189643	3604.885742
5177.278807	1.461519	0.189643	4885.175781
5177.279856	1.418947	0.189643	6373.650391
5177.280888	1.378839	0.189643	7796.612305
5177.281785	0.530552	0.189643	8272.517578
5177.282750	0.088579	0.189643	8357.996094
5177.283804	0.086008	0.189643	8448.648437
5177.284727	0.085953	0.189643	8527.983398
5177.285586	0.085968	0.189643	8601.830078
5177.286674	0.086107	0.189643	8695.514648
5177.287663	0.085928	0.189643	8780.497070
5177.288554	0.085898	0.189643	8857.032227
5177.289541	0.086184	0.189643	8942.095703
5177.290576	0.086008	0.189643	9031.114258
5177.291468	0.085950	0.189643	9107.781250
5178.276385	1.120441	0.231875	570.304260
5178.277410	1.524316	0.231875	2132.728516
5178.278308	1.502604	0.231875	3482.066650
5178.279261	1.462350	0.231875	4875.686035
5178.280327	1.418815	0.231875	6388.142578
5178.281260	1.382216	0.231875	7677.750000
5178.282131	0.686305	0.231875	8275.521484
5178.283199	0.088059	0.231875	8369.568359
5178.284185	0.085909	0.231875	8454.275391
5178.285072	0.085876	0.231875	8530.448242
5178.286063	0.085909	0.231875	8615.583984
5178.287099	0.085873	0.231875	8704.547852
5178.288006	0.085767	0.231875	8782.337891
5178.288868	0.085968	0.231875	8856.442383
5178.289945	0.086001	0.231875	8949.065430
5178.290936	0.085844	0.231875	9034.136719
5178.291813	0.085939	0.231875	9109.504883
5179.331017	1.039120	0.174141	457.212738
5179.331883	1.516300	0.174141	1770.328491
5179.332932	1.506149	0.174141	3350.278320
5179.333961	1.462885	0.174141	4855.586426
5179.334846	1.426600	0.174141	6118.127930
5179.335811	1.388708	0.174141	7458.231445
5179.336872	0.671909	0.174141	8171.126953
5179.337792	0.089462	0.174141	8253.431641
5179.338648	0.085887	0.174141	8326.951172
5179.339689	0.085994	0.174141	8416.470703
5179.340705	0.085964	0.174141	8503.810547
5179.341595	0.085942	0.174141	8580.298828
5179.342548	0.086078	0.174141	8662.331055
5179.343603	0.085946	0.174141	8753.003906
5179.344526	0.085928	0.174141	8832.315430
5179.345390	0.086027	0.174141	8906.642578
5179.346464	0.086082	0.174141	8999.093750
5180.336066	1.037270	0.221664	442.914459
5180.337092	1.521940	0.221664	2004.424438
5180.337996	1.505793	0.221664	3365.661621
5180.338873	1.468521	0.221664	4653.554199
5180.339810	1.430427	0.221664	5993.864746
5180.340824	1.390367	0.221664	7403.697266
5180.341761	0.904299	0.221664	8251.025391
5180.342622	0.104718	0.221664	8341.187500
5180.343694	0.085803	0.221664	8433.168945
5180.344579	0.085865	0.221664	8509.160156
5180.345451	0.085997	0.221664	8584.149414
5180.346313	0.086034	0.221664	8658.310547
5180.347362	0.085876	0.221664	8748.394531
5180.348255	0.085851	0.221664	8825.059570
5180.349116	0.085997	0.221664	8899.103516
5180.350203	0.086052	0.221664	8992.642578
5180.351119	0.085884	0.221664	9071.312500
5181.382694	1.122773	0.177114	579.351074
5181.383722	1.524628	0.177114	2146.668457
5181.384610	1.502662	0.177114	3481.032715
5181.385564	1.462921	0.177114	4876.659180
5181.386607	1.419895	0.177114	6357.609863
5181.387544	1.383182	0.177114	7653.651855
5181.388410	0.724720	0.177114	8281.259766
5181.389463	0.089297	0.177114	8375.289062
5181.390478	0.085887	0.177114	8462.464844
5181.391353	0.085957	0.177114	8537.677734
5181.392303	0.085946	0.177114	8619.326172
5181.393369	0.085913	0.177114	8710.909180
5181.394286	0.085939	0.177114	8789.714844
5181.395151	0.085924	0.177114	8864.039062
5181.396198	0.085990	0.177114	8954.070312
5181.397198	0.085898	0.177114	9039.968750
5181.398083	0.085873	0.177114	9115.965820
5182.397883	1.026167	0.219601	432.016327
5182.398827	1.514908	0.219601	1862.089966
5182.399875	1.503538	0.219601	3437.797363
5182.400805	1.464236	0.219601	4799.536621
5182.401671	1.428135	0.219601	6036.301270
5182.402739	1.386519	0.219601	7517.103027
5182.403753	0.651453	0.219601	8177.675781
5182.404641	0.090062	0.219601	8257.651367
5182.405608	0.086012	0.219601	8340.825195
5182.406669	0.085920	0.219601	8431.986328
5182.407577	0.085803	0.219601	8509.895508
5182.408438	0.085964	0.219601	8583.911133
5182.409501	0.086005	0.219601	8675.333984
5182.410485	0.085928	0.219601	8759.886719
5182.411374	0.085939	0.219601	8836.286133
5182.412356	0.085961	0.219601	8920.699219
5182.413397	0.085909	0.219601	9010.130859
5183.434186	1.050674	0.197933	459.144470
5183.435050	1.515678	0.197933	1768.689941
5183.436175	1.503252	0.197933	3459.848389
5183.437149	1.462090	0.197933	4883.923828
5183.438013	1.426655	0.197933	6116.553711
5183.439040	1.386588	0.197933	7540.580078
5183.440085	0.620676	0.197933	8189.186523
5183.440968	0.089220	0.197933	8267.967773
5183.441835	0.085854	0.197933	8342.403320
5183.442948	0.085935	0.197933	8438.048828
5183.443884	0.085942	0.197933	8518.491211
5183.444749	0.085946	0.197933	8592.834961
5183.445763	0.085964	0.197933	8680.002930
5183.446805	0.085935	0.197933	8769.546875
5183.447695	0.085891	0.197933	8845.990234
5183.448614	0.086016	0.197933	8925.039062
5183.449682	0.085986	0.197933	9016.872070
5184.457153	1.030642	0.226119	445.237396
5184.458019	1.515571	0.226119	1757.722168
5184.459063	1.506328	0.226119	3330.328613
5184.460077	1.463910	0.226119	4814.733398
5184.460963	1.427315	0.226119	6079.333984
5184.461913	1.390448	0.226119	7400.259766
5184.462965	0.727398	0.226119	8165.481934
5184.463892	0.091000	0.226119	8249.838867
5184.464810	0.085994	0.226119	8328.781250
5184.465676	0.085906	0.226119	8403.175781
5184.466606	0.085964	0.226119	8483.123047
5184.467544	0.085953	0.226119	8563.747070
5184.468462	0.085953	0.226119	8642.652344
5184.469324	0.086027	0.226119	8716.807617
5184.470357	0.085953	0.226119	8805.597656
5184.471240	0.085986	0.226119	8881.523437
5184.472156	0.086078	0.226119	8960.371094
5185.489424	1.103701	0.212298	550.746826
5185.490371	1.523130	0.212298	1993.150757
5185.491236	1.507441	0.212298	3297.087402
5185.492264	1.464002	0.212298	4802.081055
5185.493312	1.421554	0.212298	6291.869629
5185.494204	1.386152	0.212298	7528.317383
5185.495148	0.758672	0.212298	8244.503906
5185.496209	0.088828	0.212298	8338.750977
5185.497150	0.085942	0.212298	8419.623047
5185.498009	0.085957	0.212298	8493.459961
5185.499057	0.086107	0.212298	8583.700195
5185.500063	0.085975	0.212298	8670.191406
5185.500939	0.086012	0.212298	8745.538086
5185.501899	0.086041	0.212298	8828.137695
5185.502936	0.085979	0.212298	8917.297852
5185.503847	0.085898	0.212298	8995.551758
5185.504701	0.086001	0.212298	9068.997070
5186.515500	1.134371	0.222087	600.082397
5186.516555	1.524569	0.222087	2208.502930
5186.517437	1.501333	0.222087	3532.678711
5186.518385	1.461237	0.222087	4917.931152
5186.519447	1.418086	0.222087	6423.938477
5186.520371	1.381776	0.222087	7700.699707
5186.521239	0.675736	0.222087	8287.238281
5186.522281	0.088455	0.222087	8379.408203
5186.523298	0.085939	0.222087	8466.807617
5186.524186	0.085942	0.222087	8543.124023
5186.525146	0.086019	0.222087	8625.702148
5186.526197	0.086008	0.222087	8716.096680
5186.527118	0.085964	0.222087	8795.269531
5186.527982	0.086067	0.222087	8869.630859
5186.529061	0.086041	0.222087	8962.469727
5186.530064	0.085968	0.222087	9048.695312
5186.530955	0.085994	0.222087	9125.315430
5187.546605	1.083882	0.209744	500.753418
5187.547489	1.518530	0.209744	1843.134155
5187.548362	1.510942	0.209744	3162.187012
5187.549377	1.469670	0.209744	4653.902344
5187.550289	1.430501	0.209744	5958.518555
5187.551205	1.394465	0.209744	7235.848633
5187.552083	1.083197	0.209744	8186.895508
5187.553123	0.108809	0.209744	8300.056641
5187.554020	0.085876	0.209744	8377.087891
5187.554893	0.085887	0.209744	8452.067383
5187.555841	0.085975	0.209744	8533.572266
5187.556828	0.085975	0.209744	8618.429687
5187.557707	0.085997	0.209744	8694.021484
5187.558615	0.086005	0.209744	8772.113281
5187.559687	0.085983	0.209744	8864.287109
5187.560571	0.085887	0.209744	8940.211914
5187.561432	0.085895	0.209744	9014.166992
5188.572199	1.115200	0.209679	574.328064
5188.573206	1.524254	0.209679	2109.251953
5188.574080	1.503783	0.209679	3423.558105
5188.575070	1.461987	0.209679	4870.925781
5188.576126	1.419368	0.209679	6369.778320
5188.577022	1.383728	0.209679	7609.598633
5188.577901	0.719593	0.209679	8242.121094
5188.579001	0.088250	0.209679	8339.195312
5188.579969	0.085895	0.209679	8422.341797
5188.580833	0.085924	0.209679	8496.580078
5188.581887	0.086016	0.209679	8587.240234
5188.582937	0.085920	0.209679	8677.457031
5188.583825	0.085957	0.209679	8753.787109
5188.584742	0.086060	0.209679	8832.704102
5188.585806	0.086096	0.209679	8924.310547
5188.586748	0.086107	0.209679	9005.423828
5188.587614	0.086027	0.209679	9079.922852
5189.603774	1.033817	0.199113	443.507507
5189.604716	1.514806	0.199113	1870.454590
5189.605793	1.501919	0.199113	3488.021240
5189.606736	1.462148	0.199113	4866.827148
5189.607607	1.425831	0.199113	6108.726074
5189.608692	1.383497	0.199113	7609.820312
5189.609712	0.547910	0.199113	8168.688477
5189.610600	0.088400	0.199113	8247.187500
5189.611568	0.086045	0.199113	8330.478516
5189.612617	0.086100	0.199113	8420.796875
5189.613528	0.085946	0.199113	8499.093750
5189.614387	0.086012	0.199113	8572.978516
5189.615469	0.086067	0.199113	8666.102539
5189.616451	0.085913	0.199113	8750.468750
5189.617334	0.086071	0.199113	8826.468750
5189.618332	0.086060	0.199113	8912.356445
5189.619378	0.085994	0.199113	9002.305664
5190.628345	1.059543	0.192736	518.116760
5190.629406	1.524188	0.192736	2135.280518
5190.630300	1.502249	0.192736	3478.290527
5190.631231	1.462507	0.192736	4839.884766
5190.632320	1.418346	0.192736	6384.463379
5190.633271	1.381238	0.192736	7698.020508
5190.634143	0.657843	0.192736	8271.660156
5190.635188	0.088279	0.192736	8363.911133
5190.636204	0.085887	0.192736	8451.172852
5190.637085	0.085844	0.192736	8526.800781
5190.638049	0.085986	0.192736	8609.691406
5190.639079	0.085898	0.192736	8698.166992
5190.640005	0.085887	0.192736	8777.699219
5190.640861	0.085876	0.192736	8851.208984
5190.641920	0.085972	0.192736	8942.252930
5190.642924	0.085917	0.192736	9028.513672
5190.643791	0.085851	0.192736	9102.946289
5191.662022	1.038600	0.186243	447.636536
5191.663021	1.521555	0.186243	1967.670166
5191.663945	1.506335	0.186243	3359.523926
5191.664812	1.469117	0.186243	4633.248535
5191.665883	1.426132	0.186243	6160.635742
5191.666770	1.390481	0.186243	7393.992187
5191.667692	0.927352	0.186243	8249.010742
5191.668554	0.106963	0.186243	8341.212891
5191.669580	0.085829	0.186243	8429.273437
5191.670514	0.086034	0.186243	8509.628906
5191.671401	0.085946	0.186243	8585.863281
5191.672376	0.085990	0.186243	8669.703125
5191.673301	0.085880	0.186243	8749.142578
5191.674214	0.085906	0.186243	8827.574219
5191.675079	0.085968	0.186243	8901.936523
5191.676113	0.085880	0.186243	8990.736328
5191.676983	0.085968	0.186243	9065.528320
5192.681998	1.102328	0.197598	555.573242
5192.682948	1.523430	0.197598	2002.831787
5192.683814	1.507222	0.197598	3308.085937
5192.684863	1.463214	0.197598	4842.997559
5192.685882	1.421840	0.197598	6291.852051
5192.686775	1.386152	0.197598	7529.686035
5192.687709	0.776946	0.197598	8255.353516
5192.688777	0.089388	0.197598	8350.820312
5192.689713	0.085865	0.197598	8431.190430
5192.690577	0.085964	0.197598	8505.463867
5192.691620	0.086045	0.197598	8595.208984
5192.692634	0.085961	0.197598	8682.373047
5192.693513	0.085891	0.197598	8757.871094
5192.694446	0.085975	0.197598	8838.085937
5192.695519	0.085950	0.197598	8930.309570
5192.696435	0.085942	0.197598	9009.033203
5192.697301	0.085906	0.197598	9083.427734
5193.719760	1.052560	0.181525	465.231445
5193.720627	1.515945	0.181525	1779.555542
5193.721710	1.503889	0.181525	3408.267578
5193.722698	1.462159	0.181525	4852.880859
5193.723598	1.425773	0.181525	6136.076172
5193.724597	1.386793	0.181525	7521.482422
5193.725646	0.638434	0.181525	8191.199707
5193.726534	0.089447	0.181525	8270.628906
5193.727390	0.085792	0.181525	8344.067383
5193.728471	0.086045	0.181525	8437.082031
5193.729437	0.085829	0.181525	8519.993164
5193.730303	0.085829	0.181525	8594.321289
5193.731299	0.086082	0.181525	8680.058594
5193.732350	0.085924	0.181525	8770.365234
5193.733236	0.085847	0.181525	8846.425781
5193.734093	0.085946	0.181525	8920.082031
5193.735204	0.085898	0.181525	9015.515625
5194.738705	1.104734	0.195363	558.995300
5194.739622	1.522551	0.195363	1955.174805
5194.740486	1.507474	0.195363	3257.632812
5194.741602	1.461398	0.195363	4888.552734
5194.742593	1.420979	0.195363	6296.742676
5194.743485	1.386035	0.195363	7533.085937
5194.744480	0.681266	0.195363	8210.945312
5194.745526	0.088132	0.195363	8303.131836
5194.746415	0.085887	0.195363	8379.485352
5194.747273	0.085961	0.195363	8453.239258
5194.748364	0.086071	0.195363	8547.142578
5194.749327	0.085972	0.195363	8629.933594
5194.750195	0.085898	0.195363	8704.493164
5194.751223	0.086001	0.195363	8792.902344
5194.752276	0.085983	0.195363	8883.442383
5194.753156	0.085865	0.195363	8959.003906
5194.754032	0.086074	0.195363	9034.405273
5195.775495	1.090595	0.182307	545.297241
5195.776371	1.520643	0.182307	1877.380859
5195.777247	1.508115	0.182307	3198.489746
5195.778372	1.462485	0.182307	4843.785645
5195.779342	1.423235	0.182307	6224.323242
5195.780210	1.388705	0.182307	7429.718750
5195.781245	0.718275	0.182307	8173.133301
5195.782279	0.088542	0.182307	8264.686523
5195.783162	0.085774	0.182307	8340.424805
5195.784092	0.085979	0.182307	8420.385742
5195.785150	0.086016	0.182307	8511.390625
5195.786083	0.085917	0.182307	8591.550781
5195.786941	0.085854	0.182307	8665.213867
5195.788004	0.086023	0.182307	8756.656250
5195.789022	0.085814	0.182307	8844.014648
5195.789891	0.085745	0.182307	8918.526367
5195.790841	0.085950	0.182307	9000.178711
5196.796358	1.033923	0.185558	446.654846
5196.797235	1.516666	0.185558	1776.771240
5196.798175	1.509554	0.185558	3195.752441
5196.799180	1.467799	0.185558	4670.890625
5196.800102	1.429380	0.185558	5988.778809
5196.800986	1.394678	0.185558	7221.673828
5196.802093	0.836755	0.185558	8147.961914
5196.802983	0.097914	0.185558	8235.105469
5196.803859	0.085767	0.185558	8310.237305
5196.804759	0.085917	0.185558	8387.562500
5196.805800	0.085851	0.185558	8476.933594
5196.806672	0.085796	0.185558	8551.748047
5196.807545	0.085844	0.185558	8626.689453
5196.808521	0.085957	0.185558	8710.583984
5196.809450	0.085833	0.185558	8790.322266
5196.810365	0.085869	0.185558	8868.892578
5196.811228	0.085803	0.185558	8942.940430
5197.831187	1.111033	0.181243	559.960510
5197.832200	1.524316	0.181243	2104.093018
5197.833097	1.502743	0.181243	3452.053223
5197.834022	1.463675	0.181243	4805.953125
5197.834894	1.427303	0.181243	6050.561523
5197.835884	1.389280	0.181243	7425.948730
5197.836805	0.885355	0.181243	8241.361328
5197.837679	0.102554	0.181243	8330.993164
5197.838632	0.085770	0.181243	8412.732422
5197.839528	0.085847	0.181243	8489.651367
5197.840444	0.085909	0.181243	8568.344727
5197.841320	0.085898	0.181243	8643.591797
5197.842341	0.085844	0.181243	8731.238281
5197.843268	0.085847	0.181243	8810.818359
5197.844143	0.085781	0.181243	8885.876953
5197.845137	0.085898	0.181243	8971.259766
5197.846056	0.085917	0.181243	9050.216797
5198.853056	1.034802	0.190206	441.860535
5198.854033	1.516853	0.190206	1923.825928
5198.855095	1.501121	0.190206	3518.016113
5198.856006	1.462332	0.190206	4850.200195
5198.856872	1.425421	0.190206	6084.614746
5198.857980	1.383527	0.190206	7617.562500
5198.858961	0.612664	0.190206	8218.585937
5198.859824	0.089462	0.190206	8295.791016
5198.860893	0.085990	0.190206	8387.713867
5198.861934	0.085854	0.190206	8477.088867
5198.862823	0.085891	0.190206	8553.446289
5198.863743	0.086045	0.190206	8632.607422
5198.864789	0.086078	0.190206	8722.644531
5198.865732	0.085953	0.190206	8803.698242
5198.866595	0.085950	0.190206	8877.873047
5198.867639	0.085994	0.190206	8967.650391
5198.868660	0.085913	0.190206	9055.367187
5199.886773	1.042258	0.179640	437.748474
5199.887892	1.523423	0.179640	2142.458740
5199.888861	1.499784	0.179640	3595.749268
5199.889734	1.462167	0.179640	4872.220703
5199.890778	1.420074	0.179640	6354.778320
5199.891818	1.379736	0.179640	7789.704102
5199.892720	0.544153	0.179640	8280.530273
5199.893650	0.088898	0.179640	8363.205078
5199.894699	0.085964	0.179640	8453.381836
5199.895643	0.085891	0.179640	8534.462891
5199.896503	0.085942	0.179640	8608.373047
5199.897542	0.086078	0.179640	8697.807617
5199.898566	0.085887	0.179640	8785.756836
5199.899441	0.085807	0.179640	8860.837891
5199.900393	0.086093	0.179640	8942.797852
5199.901445	0.086045	0.179640	9033.317383
5199.902366	0.086005	0.179640	9112.527344
5200.911389	1.111436	0.185703	563.497803
5200.912316	1.522771	0.185703	1975.106567
5200.913183	1.506998	0.185703	3281.674072
5200.914268	1.462343	0.185703	4868.315430
5200.915270	1.421287	0.185703	6292.444336
5200.916150	1.386519	0.185703	7512.580566
5200.917164	0.690212	0.185703	8212.456055
5200.918205	0.088308	0.185703	8304.384766
5200.919106	0.085869	0.185703	8381.752930
5200.919961	0.086052	0.185703	8455.327148
5200.921017	0.086008	0.185703	8546.152344
5200.922008	0.085942	0.185703	8631.321289
5200.922892	0.086060	0.185703	8707.398437
5200.923886	0.086049	0.185703	8792.930664
5200.924938	0.086045	0.185703	8883.450195
5200.925834	0.085909	0.185703	8960.424805
5200.926697	0.085913	0.185703	9034.567383
5201.943995	1.034451	0.177823	435.503723
5201.945040	1.522368	0.177823	2026.378418
5201.945921	1.506101	0.177823	3353.253418
5201.946793	1.469070	0.177823	4634.282227
5201.947753	1.429805	0.177823	6006.894531
5201.948726	1.391081	0.177823	7360.416992
5201.949643	0.959198	0.177823	8240.001953
5201.950520	0.110219	0.177823	8336.664062
5201.951542	0.085829	0.177823	8424.380859
5201.952434	0.085873	0.177823	8500.979492
5201.953305	0.086085	0.177823	8575.959961
5201.954175	0.086001	0.177823	8650.781250
5201.955207	0.085928	0.177823	8739.458984
5201.956090	0.086041	0.177823	8815.433594
5201.956951	0.085975	0.177823	8889.458008
5201.958039	0.086052	0.177823	8983.083008
5201.958944	0.085942	0.177823	9060.861328
5202.969013	1.021743	0.193425	429.132141
5202.969901	1.514088	0.193425	1773.642334
5202.971001	1.503494	0.193425	3427.485352
5202.971962	1.463166	0.193425	4833.588379
5202.972832	1.427351	0.193425	6075.383789
5202.973881	1.386368	0.193425	7529.684082
5202.974910	0.627118	0.193425	8174.988281
5202.975789	0.089923	0.193425	8254.030273
5202.976734	0.086063	0.193425	8335.360352
5202.977782	0.086136	0.193425	8425.631836
5202.978714	0.086049	0.193425	8505.829102
5202.979572	0.086089	0.193425	8579.693359
5202.980630	0.086169	0.193425	8670.860352
5202.981660	0.085946	0.193425	8759.384766
5202.982527	0.085906	0.193425	8833.865234
5202.983490	0.086140	0.193425	8916.818359
5202.984546	0.086140	0.193425	9007.782227
5203.999675	1.045184	0.187934	441.067810
5204.000766	1.522408	0.187934	2102.015381
5204.001747	1.500264	0.187934	3573.773926
5204.002617	1.462866	0.187934	4846.467773
5204.003646	1.421558	0.187934	6309.250488
5204.004705	1.380476	0.187934	7771.174805
5204.005600	0.579591	0.187934	8289.909180
5204.006503	0.089392	0.187934	8370.629883
5204.007577	0.086030	0.187934	8463.026367
5204.008516	0.086016	0.187934	8543.794922
5204.009373	0.085939	0.187934	8617.444336
5204.010395	0.086038	0.187934	8705.375000
5204.011454	0.085946	0.187934	8796.391602
5204.012325	0.086030	0.187934	8871.324219
5204.013259	0.085957	0.187934	8951.608398
5204.014320	0.085968	0.187934	9042.820312
5204.015262	0.085800	0.187934	9123.643555
5205.026236	1.049528	0.196358	447.098724
5205.027333	1.522310	0.196358	2117.072266
5205.028293	1.500366	0.196358	3557.423828
5205.029164	1.463493	0.196358	4832.125977
5205.030179	1.422107	0.196358	6275.564453
5205.031261	1.380923	0.196358	7769.722656
5205.032140	0.596708	0.196358	8294.228516
5205.033016	0.089678	0.196358	8372.786133
5205.034115	0.086133	0.196358	8467.446289
5205.035065	0.086016	0.196358	8549.161133
5205.035927	0.085968	0.196358	8623.265625
5205.036940	0.086151	0.196358	8710.537109
5205.037971	0.086067	0.196358	8799.272461
5205.038858	0.086034	0.196358	8875.584961
5205.039780	0.086038	0.196358	8954.912109
5205.040850	0.086104	0.196358	9047.042969
5205.041805	0.085909	0.196358	9129.086914
5206.055362	1.031202	0.197466	444.448242
5206.056226	1.515165	0.197466	1753.550659
5206.057264	1.506757	0.197466	3317.563965
5206.058239	1.465902	0.197466	4746.818359
5206.059111	1.429581	0.197466	5993.413086
5206.059975	1.393462	0.197466	7197.364258
5206.061089	0.834591	0.197466	8127.098633
5206.061990	0.096251	0.197466	8213.821289
5206.062866	0.085895	0.197466	8289.065430
5206.063861	0.086151	0.197466	8374.786133
5206.064850	0.085972	0.197466	8459.812500
5206.065736	0.085997	0.197466	8536.005859
5206.066596	0.086045	0.197466	8610.004883
5206.067702	0.086041	0.197466	8705.166992
5206.068613	0.085953	0.197466	8783.470703
5206.069488	0.086016	0.197466	8858.734375
5206.070492	0.086136	0.197466	8945.215820
5207.081026	1.144746	0.203588	626.176086
5207.081915	1.522559	0.203588	1979.730713
5207.082781	1.507225	0.203588	3284.987793
5207.083650	1.468356	0.203588	4560.988770
5207.084717	1.426289	0.203588	6082.839355
5207.085614	1.391041	0.203588	7330.603516
5207.086498	1.021000	0.203588	8233.166992
5207.087501	0.111676	0.203588	8345.177734
5207.088439	0.085844	0.203588	8425.699219
5207.089357	0.085928	0.203588	8504.581055
5207.090218	0.086049	0.203588	8578.668945
5207.091247	0.086060	0.203588	8667.224609
5207.092124	0.085909	0.203588	8742.567383
5207.092988	0.086067	0.203588	8816.928711
5207.093968	0.086045	0.203588	8901.252930
5207.094907	0.086034	0.203588	8982.039062
5207.095821	0.085939	0.203588	9060.586914
5208.114190	1.101211	0.194388	558.313965
5208.115083	1.521577	0.194388	1917.082397
5208.115948	1.507463	0.194388	3221.038086
5208.117046	1.462983	0.194388	4827.394043
5208.118010	1.423590	0.194388	6199.734863
5208.118884	1.389027	0.194388	7413.744629
5208.119920	0.752406	0.194388	8193.237305
5208.120967	0.089469	0.194388	8286.911133
5208.121841	0.085891	0.194388	8361.979492
5208.122725	0.085953	0.194388	8437.961914
5208.123807	0.086133	0.194388	8531.157227
5208.124767	0.085895	0.194388	8613.616211
5208.125623	0.085997	0.194388	8687.229492
5208.126640	0.086093	0.194388	8774.785156
5208.127669	0.085953	0.194388	8863.231445
5208.128561	0.086060	0.194388	8939.996094
5208.129492	0.086008	0.194388	9020.070312
5209.135553	1.029694	0.201466	438.649475
5209.136607	1.520607	0.201466	2041.368896
5209.137628	1.499861	0.201466	3572.726807
5209.138519	1.461907	0.201466	4875.285645
5209.139482	1.423195	0.201466	6245.822266
5209.140532	1.381827	0.201466	7696.741211
5209.141468	0.594174	0.201466	8252.887695
5209.142328	0.089498	0.201466	8329.856445
5209.143371	0.086188	0.201466	8419.750000
5209.144387	0.085979	0.201466	8507.104492
5209.145273	0.085986	0.201466	8583.288086
5209.146246	0.086136	0.201466	8667.098633
5209.147297	0.086085	0.201466	8757.574219
5209.148215	0.086027	0.201466	8836.546875
5209.149075	0.086049	0.201466	8910.548828
5209.150151	0.086111	0.201466	9003.204102
5209.151139	0.086001	0.201466	9088.172852
5210.173958	1.089595	0.183769	541.528564
5210.174856	1.521379	0.183769	1907.727173
5210.175734	1.509023	0.183769	3232.649902
5210.176743	1.466990	0.183769	4712.842773
5210.177730	1.426121	0.183769	6120.423828
5210.178614	1.391290	0.183769	7350.324219
5210.179487	0.971689	0.183769	8198.609375
5210.180584	0.097731	0.183769	8305.820312
5210.181476	0.085909	0.183769	8382.451172
5210.182342	0.085983	0.183769	8456.912109
5210.183314	0.086038	0.183769	8540.541016
5210.184329	0.086001	0.183769	8627.832031
5210.185224	0.085994	0.183769	8704.795898
5210.186085	0.086049	0.183769	8778.883789
5210.187150	0.086104	0.183769	8870.583984
5210.188071	0.085979	0.183769	8949.770508
5210.188950	0.086030	0.183769	9025.391602
5211.187226	1.112175	0.198662	570.545959
5211.188122	1.521405	0.198662	1933.724854
5211.188982	1.506848	0.198662	3229.614258
5211.190089	1.462203	0.198662	4848.273437
5211.191051	1.422810	0.198662	6217.016602
5211.191924	1.388350	0.198662	7429.045898
5211.192979	0.688931	0.198662	8155.867676
5211.194027	0.087887	0.198662	8247.973633
5211.194913	0.085917	0.198662	8324.095703
5211.195846	0.086030	0.198662	8404.362305
5211.196906	0.086071	0.198662	8495.596680
5211.197838	0.085983	0.198662	8575.732422
5211.198710	0.085964	0.198662	8650.693359
5211.199750	0.086140	0.198662	8740.279297
5211.200763	0.085997	0.198662	8827.394531
5211.201655	0.085898	0.198662	8904.015625
5211.202601	0.086140	0.198662	8985.503906
5212.235766	1.059855	0.166214	515.089355
5212.236837	1.523309	0.166214	2146.553711
5212.237785	1.499436	0.166214	3568.019043
5212.238657	1.461848	0.166214	4842.750488
5212.239735	1.418555	0.166214	6371.952148
5212.240749	1.378678	0.166214	7769.931641
5212.241646	0.543801	0.166214	8257.721680
5212.242605	0.088656	0.166214	8342.743164
5212.243669	0.085891	0.166214	8434.130859
5212.244587	0.085898	0.166214	8512.985352
5212.245447	0.085957	0.166214	8586.908203
5212.246528	0.086093	0.166214	8679.974609
5212.247512	0.085986	0.166214	8764.584961
5212.248390	0.085887	0.166214	8839.994141
5212.249385	0.086100	0.166214	8925.663086
5212.250428	0.086049	0.166214	9015.412109
5212.251323	0.085950	0.166214	9092.336914
5213.240799	1.076027	0.210235	485.287964
5213.241670	1.517640	0.210235	1807.152710
5213.242666	1.506075	0.210235	3307.203613
5213.243733	1.462537	0.210235	4867.729980
5213.244621	1.425245	0.210235	6133.347656
5213.245487	1.389327	0.210235	7336.505371
5213.246597	0.709614	0.210235	8124.177246
5213.247547	0.089788	0.210235	8209.475586
5213.248417	0.085957	0.210235	8284.257812
5213.249425	0.086078	0.210235	8371.024414
5213.250467	0.085990	0.210235	8460.625977
5213.251355	0.085913	0.210235	8536.916992
5213.252263	0.086071	0.210235	8615.069336
5213.253352	0.086019	0.210235	8708.744141
5213.254309	0.085986	0.210235	8791.033203
5213.255170	0.085887	0.210235	8864.982422
5213.256218	0.086093	0.210235	8955.207031
5214.295563	1.068380	0.171342	539.531982
5214.296618	1.523507	0.171342	2146.832031
5214.297563	1.499297	0.171342	3563.667480
5214.298438	1.461687	0.171342	4842.643555
5214.299491	1.419210	0.171342	6337.071777
5214.300506	1.379564	0.171342	7737.329590
5214.301404	0.574391	0.171342	8253.132812
5214.302373	0.089158	0.171342	8339.526367
5214.303421	0.086008	0.171342	8429.663086
5214.304345	0.085880	0.171342	8509.016602
5214.305211	0.085964	0.171342	8583.461914
5214.306295	0.086027	0.171342	8676.714844
5214.307281	0.085964	0.171342	8761.475586
5214.308174	0.085986	0.171342	8838.261719
5214.309168	0.086052	0.171342	8923.797852
5214.310221	0.086030	0.171342	9014.387695
5214.311117	0.085913	0.171342	9091.366211
5215.297070	1.157208	0.213623	589.018982
5215.297972	1.521885	0.213623	1961.759033
5215.298854	1.507185	0.213623	3291.096191
5215.299833	1.466667	0.213623	4726.963867
5215.300796	1.426337	0.213623	6100.525879
5215.301725	1.390034	0.213623	7391.867676
5215.302602	0.979556	0.213623	8250.937500
5215.303640	0.098514	0.213623	8353.195312
5215.304515	0.085792	0.213623	8428.263672
5215.305384	0.085928	0.213623	8502.934570
5215.306305	0.085924	0.213623	8582.070312
5215.307305	0.085869	0.213623	8667.939453
5215.308228	0.085880	0.213623	8747.207031
5215.309100	0.085957	0.213623	8822.161133
5215.310146	0.085986	0.213623	8912.102539
5215.311046	0.085946	0.213623	8989.454102
5215.311920	0.085854	0.213623	9064.491211
